1    19    fuhe
1    fuhe_1   19
1    HN     1         hongmenba
21    0     0
75.52	600	.00	.0	0
	0.00 	10.00 	20.00 	30.00 	40.00 	50.00 	60.00 	70.00 	80.00 	90.00 	
	100.00 	110.00 	120.00 	130.00 	140.00 	150.00 	160.00 	170.00 	180.00 	190.00 	
	200.00 
	85.20 	76.04 	74.43 	73.50 	74.10 	74.86 	74.42 	74.22 	74.64 	74.43 	
	74.27 	74.25 	74.30 	74.49 	74.48 	74.16 	74.07 	74.06 	74.70 	76.04 	
	85.20
1    HN     2         4-1
31    0.64     0.64
74.23	600	.00	.0	0
	0	2	4	6	8	10	12	14	16	18	
	20	22	24	26	28	30	32	34	36	38	
	40	42	44	46	48	50	52	54	56	58	
	58.519
	84.69	74.583	74.477	74.371	74.265	74.159	74.053	73.748	73.596	73.26	
	73.049	72.986	72.901	72.912	72.988	73.068	73.111	73.065	73.093	73.212	
	73.438	73.659	73.452	73.526	73.485	73.407	73.407	73.454	73.471	73.481	
	84.69
1    HN     3         4-2
31    0.16     0.80
74.12	600	.00	.0	0
	0	2	4	6	8	10	12	14	16	18	
	20	22	24	26	28	30	32	34	36	38	
	40	42	44	46	48	50	52	54	56	58	
	58.687
	84.69	74.198	74.192	74.169	74.099	73.977	73.624	73.37	73.148	73.029	
	73.018	73.007	72.996	72.992	72.998	73.038	73.117	73.141	73.114	73.079	
	73.001	72.955	72.914	73.055	73.245	73.582	73.487	73.385	73.952	74.501	
	84.69
1    HN     4         h-1
23    0.93     1.73
73.93	600	.00	.0	0
	0.00	10.00 	20.00 	30.00 	40.00 	50.00 	60.00 	70.00 	80.00  	90.00 	
 	100.00 	110.00 	120.00 	130.00 	140.00 	150.00 	160.00 	170.00 	180.00 	190.00 	
 	200.00 	210.00 	220.00 
	83.77 	74.83 	72.97 	71.65 	72.52 	73.16 	72.56 	72.93 	72.84 	72.87 	
	72.96 	72.78 	72.76 	72.80 	73.10 	73.19 	73.07 	72.67 	72.57 	72.61 	
	73.28 	74.83 	83.77
1    HN     5         h-2
18    1.67 	3.40 
73.44	600	.00	.0	0
	0.00 	10.00 	20.00 	30.00 	40.00 	50.00 	60.00 	70.00 	80.00 	90.00 	
	100.00 	110.00 	120.00 	130.00 	140.00 	150.00 	160.00 	170.00 
	82.02 	73.61 	72.53 	71.64 	72.43 	72.24 	72.12 	72.23 	72.30 	72.18 	
	72.17 	72.34 	72.35 	72.08 	72.00 	72.13 	73.61 	82.02
1    HN     6         h-3
19    1.27 	4.68 
71.03	600	.00	.0	0
	0.00 	10.00 	20.00 	30.00 	40.00 	50.00 	60.00 	70.00 	80.00 	90.00 	
	100.00 	110.00 	120.00 	130.00 	140.00 	150.00 	160.00 	170.00 	180.00 
	80.57 	71.31 	70.08 	69.08 	69.70 	69.49 	69.70 	70.01 	69.96 	69.66 	
	69.71 	69.77 	70.03 	69.90 	69.58 	69.46 	69.63 	71.31 	80.57
1    HN     7         h-4
20    1.43 	6.12 
69.60	600	.00	.0	0
	0.00 	10.00 	20.00 	30.00 	40.00 	50.00 	60.00 	70.00 	80.00 	90.00 	
	100.00 	110.00 	120.00 	130.00 	140.00 	150.00 	160.00 	170.00 	180.00 	190.00 
	80.12 	69.92 	68.64 	67.44 	68.23 	68.07 	68.32 	68.25 	68.54 	68.36 	
	68.22 	68.22 	68.47 	68.54 	68.34 	68.11 	67.99 	68.17 	69.92 	80.12
1    HN     8         h-5
27    1.40 	7.52 
68.02	600	.00	.0	0
	0.00 	10.00 	20.00 	30.00 	40.00 	50.00 	60.00 	70.00 	80.00 	90.00 	
	100.00 	110.00 	120.00 	130.00 	140.00 	150.00 	160.00 	170.00 	180.00 	190.00 	
	200.00 	210.00 	220.00 	230.00 	240.00 	250.00 	260.00 
	79.85 	69.23 	67.00 	67.46 	65.90 	66.54 	67.58 	66.51 	66.95 	66.70 	
	67.28 	67.26 	67.00 	66.77 	66.75 	66.80 	66.93 	67.07 	67.07 	67.12 	
	66.64 	66.49 	66.47 	66.62 	67.41 	69.23 	79.85
1    HN     9         h-6
25    1.56 	9.09 
66.64	600	.00	.0	0
	0.00 	10.00 	20.00 	30.00 	40.00 	50.00 	60.00 	70.00 	80.00 	90.00 	
	100.00 	110.00 	120.00 	130.00 	140.00 	150.00 	160.00 	170.00 	180.00 	190.00 	
	200.00 	210.00 	220.00 	230.00 	240.00 
	79.27 	67.51 	65.44 	65.87 	64.43 	65.28 	65.07 	65.37 	65.29 	65.84 	
	65.69 	65.43 	65.23 	65.21 	65.26 	65.38 	65.73 	65.53 	65.42 	65.11 	
	64.99 	65.10 	65.78 	67.51 	79.27
1    HN     10         h-7
30    1.63 	10.72 
65.10	600	.00	.0	0
	0.00 	10.00 	20.00 	30.00 	40.00 	50.00 	60.00 	70.00 	80.00 	90.00 	
	100.00 	110.00 	120.00 	130.00 	140.00 	150.00 	160.00 	170.00 	180.00 	190.00 	
	200.00 	210.00 	220.00 	230.00 	240.00 	250.00 	260.00 	270.00 	280.00 	290.00 
	78.93 	66.50 	64.56 	64.48 	62.61 	63.45 	63.85 	64.69 	63.95 	63.99 	
	63.72 	64.51 	63.92 	64.03 	63.84 	63.81 	63.77 	63.82 	63.97 	64.13 	
	64.34 	64.15 	63.63 	63.65 	63.52 	63.47 	63.75 	64.50 	66.50 	78.93
1    HN     11         h-8
30    2.27 	13.00 
63.67	600	.00	.0	0
	0.00 	10.00 	20.00 	30.00 	40.00 	50.00 	60.00 	70.00 	80.00 	90.00 	
	100.00 	110.00 	120.00 	130.00 	140.00 	150.00 	160.00 	170.00 	180.00 	190.00 	
	200.00 	210.00 	220.00 	230.00 	240.00 	250.00 	260.00 	270.00 	280.00 	290.00 
	78.43 	65.00 	63.06 	62.98 	61.12 	61.95 	62.35 	63.19 	62.45 	62.49 	
	62.22 	63.01 	62.42 	62.53 	62.34 	62.31 	62.27 	62.32 	62.47 	62.63 	
	62.83 	62.65 	62.13 	62.15 	62.02 	61.97 	62.25 	63.00 	65.00 	78.43
1    HN     12         h-9
41    2.06 	15.06 
61.99	600	.00	.0	0
	0.00 	10.00 	20.00 	30.00 	40.00 	50.00 	60.00 	70.00 	80.00 	90.00 	
	100.00 	110.00 	120.00 	130.00 	140.00 	150.00 	160.00 	170.00 	180.00 	190.00 	
	200.00 	210.00 	220.00 	230.00 	240.00 	250.00 	260.00 	270.00 	280.00 	290.00 	
	300.00 	310.00 	320.00 	330.00 	340.00 	350.00 	360.00 	370.00 	380.00 	390.00 	
	400.00 
	77.25 	64.75 	61.94 	61.20 	61.94 	58.67 	59.45 	60.35 	60.92 	62.13 	
	60.56 	61.07 	61.17 	60.94 	60.95 	61.88 	61.02 	61.63 	61.18 	61.21 	
	60.84 	60.89 	60.80 	60.89 	60.88 	61.10 	61.46 	61.70 	61.31 	61.35 	
	61.17 	60.61 	60.63 	60.45 	60.42 	60.52 	60.61 	61.79 	61.86 	64.75 	
	77.25
1    HN     13         h-10
29    1.93	16.99 
60.69	600	.00	.0	0
	0.00 	10.00 	20.00 	30.00 	40.00 	50.00 	60.00 	70.00 	80.00 	90.00 	
	100.00 	110.00 	120.00 	130.00 	140.00 	150.00 	160.00 	170.00 	180.00 	190.00 	
	200.00 	210.00 	220.00 	230.00 	240.00 	250.00 	260.00 	270.00 	280.00 
	75.40 	61.89 	60.02 	60.02 	58.14 	58.95 	59.76 	59.09 	59.43 	59.47 	
	59.35 	59.83 	59.80 	59.52 	59.27 	59.31 	59.31 	59.32 	59.69 	59.80 	
	59.62 	59.50 	59.14 	59.02 	58.96 	59.12 	59.96 	61.89 	75.40
1    HN     14         nancheng
26    1.90 	18.90 
59.50	600	.00	.0	0
	0.00 	10.00 	20.00 	30.00 	40.00 	50.00 	60.00 	70.00 	80.00 	90.00 	
	100.00 	110.00 	120.00 	130.00 	140.00 	150.00 	160.00 	170.00 	180.00 	190.00 	
	200.00 	210.00 	220.00 	230.00 	240.00 	250.00 
	76.80 	60.10 	57.96 	58.41 	56.90 	57.52 	58.52 	57.88 	57.91 	57.80 	
	58.23 	58.16 	57.78 	57.75 	57.80 	57.78 	58.11 	58.21 	58.05 	57.60 	
	57.47 	57.48 	57.60 	58.31 	60.10 	76.80
1    HN     15         ad-1
58    2.8 	21.70 
57.34	600	.00	.0	0
	0.00 	10.00 	20.00 	30.00 	40.00 	50.00 	60.00 	70.00 	80.00 	90.00 	
	100.00 	110.00 	120.00 	130.00 	140.00 	150.00 	160.00 	170.00 	180.00 	190.00 	
	200.00 	210.00 	220.00 	230.00 	240.00 	250.00 	260.00 	270.00 	280.00 	290.00 	
	300.00 	310.00 	320.00 	330.00 	340.00 	350.00 	360.00 	370.00 	380.00 	390.00 	
	400.00 	410.00 	420.00 	430.00 	440.00 	450.00 	460.00 	470.00 	480.00 	490.00 	
	500.00 	510.00 	520.00 	530.00 	540.00 	550.00 	560.00 	570.00 
	79.12 	61.69 	57.61 	57.64 	56.58 	57.49 	57.64 	53.60 	54.06 	55.34 	
	55.53 	56.16 	57.10 	57.92 	55.64 	55.46 	56.38 	56.53 	56.19 	55.90 	
	56.21 	57.55 	57.23 	56.31 	57.19 	57.06 	56.55 	56.58 	56.15 	56.08 	
	56.13 	56.00 	56.20 	56.13 	56.11 	56.15 	56.42 	56.94 	56.75 	57.30 	
	56.73 	56.79 	56.85 	56.53 	55.72 	55.76 	55.75 	55.42 	55.49 	55.44 	
	55.37 	55.72 	55.95 	57.42 	57.53 	58.10 	61.69 	79.12
1    HN     16         ad-2
85    3.02	24.72  
55.74	600	.00	.0	0
	0.00 	10.00 	20.00 	30.00 	40.00 	50.00 	60.00 	70.00 	80.00 	90.00 	
	100.00 	110.00 	120.00 	130.00 	140.00 	150.00 	160.00 	170.00 	180.00 	190.00 	
	200.00 	210.00 	220.00 	230.00 	240.00 	250.00 	260.00 	270.00 	280.00 	290.00 	
	300.00 	310.00 	320.00 	330.00 	340.00 	350.00 	360.00 	370.00 	380.00 	390.00 	
	400.00 	410.00 	420.00 	430.00 	440.00 	450.00 	460.00 	470.00 	480.00 	490.00 	
	500.00 	510.00 	520.00 	530.00 	540.00 	550.00 	560.00 	570.00 	580.00 	590.00 	
	600.00 	610.00 	620.00 	630.00 	640.00 	650.00 	660.00 	670.00 	680.00 	690.00 	
	700.00 	710.00 	720.00 	730.00 	740.00 	750.00 	760.00 	770.00 	780.00 	790.00 	
	800.00 	810.00 	820.00 	830.00 	841.71 
	73.45 	63.45 	57.16 	57.21 	55.56 	55.56 	56.97 	57.21 	57.21 	49.95 	
	50.97 	51.68 	51.68 	53.66 	53.94 	53.94 	54.93 	56.37 	57.63 	57.63 	
	54.13 	53.85 	55.27 	55.27 	55.49 	55.40 	55.40 	54.97 	54.52 	55.00 	
	55.00 	57.07 	56.58 	56.58 	55.16 	56.51 	56.31 	56.31 	55.52 	55.58 	
	55.58 	54.90 	54.75 	54.80 	54.80 	54.87 	54.68 	54.68 	54.99 	54.87 	
	54.85 	54.85 	54.90 	55.32 	55.32 	56.13 	55.83 	56.68 	56.68 	56.49 	
	55.80 	55.80 	55.90 	55.99 	55.49 	55.49 	54.24 	54.31 	54.30 	54.30 	
	53.78 	53.89 	53.89 	53.82 	53.71 	54.06 	54.06 	54.24 	54.61 	54.61 	
	56.86 	57.03 	57.92 	57.92 	73.45
1    HN     17         ad-3
69    2.22	26.94  
54.29	600	.00	.0	0
	0.00 	10.00 	20.00 	30.00 	40.00 	50.00 	60.00 	70.00 	80.00 	90.00 	
	100.00 	110.00 	120.00 	130.00 	140.00 	150.00 	160.00 	170.00 	180.00 	190.00 	
	200.00 	210.00 	220.00 	230.00 	240.00 	250.00 	260.00 	270.00 	280.00 	290.00 	
	300.00 	310.00 	320.00 	330.00 	340.00 	350.00 	360.00 	370.00 	380.00 	390.00 	
	400.00 	410.00 	420.00 	430.00 	440.00 	450.00 	460.00 	470.00 	480.00 	490.00 	
	500.00 	510.00 	520.00 	530.00 	540.00 	550.00 	560.00 	570.00 	580.00 	590.00 	
	600.00 	610.00 	620.00 	630.00 	640.00 	650.00 	660.00 	670.00 	680.00 
	70.35 	60.09 	55.17 	55.21 	53.93 	55.03 	55.03 	55.21 	49.54 	50.34 	
	50.89 	52.44 	52.66 	53.43 	54.55 	55.54 	52.80 	52.80 	52.58 	53.70 	
	53.87 	53.79 	53.46 	53.11 	53.49 	55.10 	54.72 	53.61 	53.61 	54.66 	
	54.51 	53.89 	53.94 	53.41 	53.29 	53.33 	53.39 	53.23 	53.48 	53.39 	
	53.39 	53.37 	53.41 	53.74 	54.37 	54.14 	54.80 	54.65 	54.11 	54.19 	
	54.26 	54.26 	53.87 	52.89 	52.95 	52.94 	52.53 	52.62 	52.56 	52.47 	
	52.75 	52.89 	52.89 	53.18 	54.94 	55.07 	55.76 	60.09 	70.35
1    HN     18         ad-4
126    3.66	30.60  
52.66	600	.00	.0	0
	0.00 	10.00 	20.00 	30.00 	40.00 	50.00 	60.00 	70.00 	80.00 	90.00 	
	100.00 	110.00 	120.00 	130.00 	140.00 	150.00 	160.00 	170.00 	180.00 	190.00 	
	200.00 	210.00 	220.00 	230.00 	240.00 	250.00 	260.00 	270.00 	280.00 	290.00 	
	300.00 	310.00 	320.00 	330.00 	340.00 	350.00 	360.00 	370.00 	380.00 	390.00 	
	400.00 	410.00 	420.00 	430.00 	440.00 	450.00 	460.00 	470.00 	480.00 	490.00 	
	500.00 	510.00 	520.00 	530.00 	540.00 	550.00 	560.00 	570.00 	580.00 	590.00 	
	600.00 	610.00 	620.00 	630.00 	640.00 	650.00 	660.00 	670.00 	680.00 	690.00 	
	700.00 	710.00 	720.00 	730.00 	740.00 	750.00 	760.00 	770.00 	780.00 	790.00 	
	800.00 	810.00 	820.00 	830.00 	840.00 	850.00 	860.00 	870.00 	880.00 	890.00 	
	900.00 	910.00 	920.00 	930.00 	940.00 	950.00 	960.00 	970.00 	980.00 	990.00 	
	1000.00 	1010.00 	1020.00 	1030.00 	1040.00 	1050.00 	1060.00 	1070.00 	1080.00 	1090.00 	
	1100.00 	1110.00 	1120.00 	1130.00 	1140.00 	1150.00 	1160.00 	1170.00 	1180.00 	1190.00 	
	1200.00 	1210.00 	1220.00 	1230.00 	1240.00 	1250.00 
	72.49 	62.49 	62.49 	54.60 	54.60 	54.67 	54.67 	54.67 	52.60 	54.37 	
	54.37 	54.67 	54.67 	54.67 	45.56 	45.56 	46.85 	47.73 	47.73 	47.73 	
	50.22 	50.22 	50.57 	50.57 	51.81 	53.61 	53.61 	53.61 	55.20 	55.20 	
	50.80 	50.80 	50.45 	50.45 	52.23 	52.23 	52.51 	52.51 	52.39 	52.39 	
	52.39 	51.86 	51.29 	51.29 	51.89 	51.89 	51.89 	54.49 	54.49 	53.87 	
	52.09 	52.09 	53.78 	53.78 	53.78 	53.54 	53.54 	52.55 	52.62 	52.62 	
	52.62 	51.77 	51.77 	51.58 	51.58 	51.65 	51.65 	51.65 	51.74 	51.49 	
	51.49 	51.88 	51.88 	51.88 	51.74 	51.74 	51.70 	51.77 	51.77 	51.77 	
	52.30 	52.30 	53.31 	53.31 	52.94 	54.00 	54.00 	54.00 	53.77 	53.77 	
	52.90 	52.90 	52.90 	53.02 	53.13 	53.13 	52.51 	52.51 	50.94 	50.94 	
	50.94 	51.03 	51.01 	51.01 	50.36 	50.36 	50.36 	50.50 	50.50 	50.41 	
	50.27 	50.27 	50.27 	50.71 	50.71 	50.94 	50.94 	51.40 	54.22 	54.22 	
	54.22 	54.44 	54.44 	55.55 	55.55 	72.49
1    HN     19         ad-5
52    4.09	34.69  
51.77	600	.00	.0	0
	0.00 	10.00 	20.00 	30.00 	40.00 	50.00 	60.00 	70.00 	80.00 	90.00 	
	100.00 	110.00 	120.00 	130.00 	140.00 	150.00 	160.00 	170.00 	180.00 	190.00 	
	200.00 	210.00 	220.00 	230.00 	240.00 	250.00 	260.00 	270.00 	280.00 	290.00 	
	300.00 	310.00 	320.00 	330.00 	340.00 	350.00 	360.00 	370.00 	380.00 	390.00 	
	400.00 	410.00 	420.00 	430.00 	440.00 	450.00 	460.00 	470.00 	480.00 	490.00 	
	500.00 	510.00 
	76.97 	55.32 	51.70 	51.73 	51.60 	51.73 	47.55 	48.14 	49.69 	49.85 	
	50.42 	51.25 	51.98 	49.80 	50.61 	50.74 	50.69 	50.18 	50.46 	51.65 	
	51.37 	50.55 	51.21 	50.76 	50.79 	50.40 	50.35 	50.39 	50.27 	50.45 	
	50.37 	50.40 	50.65 	51.11 	50.94 	51.32 	50.92 	50.98 	51.03 	50.02 	
	50.06 	50.05 	49.75 	49.82 	49.71 	49.92 	50.02 	50.23 	51.63 	52.14 	
	55.32 	76.97
