1    35    fuhe
1    fuhe_2   35
1    CS     1         szl
27    0.00 	0.00 
112.62	200	.00	.0	0
	0.00 	10.00 	20.00 	30.00 	40.00 	50.00 	60.00 	70.00 	80.00 	90.00 	
	100.00 	110.00 	120.00 	130.00 	140.00 	150.00 	160.00 	170.00 	180.00 	190.00 	
	200.00 	210.00 	220.00 	230.00 	240.00 	250.00 	260.00 
	117.98 	114.39 	112.11 	112.59 	110.99 	111.64 	112.71 	111.62 	112.06 	111.81 	
	112.41 	112.39 	112.12 	111.88 	111.86 	111.91 	112.04 	112.19 	112.18 	112.24 	
	111.75 	111.60 	111.58 	111.73 	112.54 	114.39 	117.98
1    CS     2         s-l
35    3.02 	3.02  
110.21	200	.00	.0	0
	0.00 	10.00 	20.00 	30.00 	40.00 	50.00 	60.00 	70.00 	80.00 	90.00 	
	100.00 	110.00 	120.00 	130.00 	140.00 	150.00 	160.00 	170.00 	180.00 	190.00 	
	200.00 	210.00 	220.00 	230.00 	240.00 	250.00 	260.00 	270.00 	280.00 	290.00 	
	300.00 	310.00 	320.00 	330.00 	340.00 
	115.84 	112.86 	110.50 	110.40 	107.74 	108.40 	109.15 	109.63 	110.66 	109.22 	
	109.84 	109.65 	109.66 	110.26 	109.72 	110.15 	109.88 	109.56 	109.61 	109.65 	
	109.60 	109.78 	110.08 	110.29 	109.96 	110.03 	109.37 	109.39 	109.24 	109.17 	
	109.30 	109.51 	110.43 	112.86 	115.84
1    CS     3         s-2
44    2.81 	5.83 
108.41	200	.00	.0	0
	0.00 	10.00 	20.00 	30.00 	40.00 	50.00 	60.00 	70.00 	80.00 	90.00 	
	100.00 	110.00 	120.00 	130.00 	140.00 	150.00 	160.00 	170.00 	180.00 	190.00 	
	200.00 	210.00 	220.00 	230.00 	240.00 	250.00 	260.00 	270.00 	280.00 	290.00 	
	300.00 	310.00 	320.00 	330.00 	340.00 	350.00 	360.00 	370.00 	380.00 	390.00 	
	400.00 	410.00 	420.00 	430.00 
	114.21 	111.94 	108.90 	108.13 	108.81 	105.42 	105.92 	107.21 	107.35 	108.52 	
	109.13 	107.30 	107.99 	108.05 	107.85 	107.63 	108.86 	108.62 	108.59 	108.49 	
	108.14 	107.81 	107.76 	107.80 	107.85 	107.80 	107.81 	108.02 	108.26 	108.67 	
	108.58 	108.29 	108.33 	107.49 	107.53 	107.27 	107.32 	107.23 	107.40 	107.67 	
	108.76 	109.27 	111.94 	114.21
1    CS     4         s-3
32    2.54 	8.37 
106.62	200	.00	.0	0
	0.00 	10.00 	20.00 	30.00 	40.00 	50.00 	60.00 	70.00 	80.00 	90.00 	
	100.00 	110.00 	120.00 	130.00 	140.00 	150.00 	160.00 	170.00 	180.00 	190.00 	
	200.00 	210.00 	220.00 	230.00 	240.00 	250.00 	260.00 	270.00 	280.00 	290.00 	
	300.00 	310.00 
	112.17 	108.99 	106.82 	106.74 	104.29 	104.89 	105.68 	106.52 	105.75 	106.22 	
	106.04 	106.05 	106.60 	106.57 	106.23 	106.02 	105.98 	105.94 	106.01 	106.02 	
	106.44 	106.63 	106.33 	106.22 	105.81 	105.62 	105.64 	105.72 	105.91 	106.75 	
	108.99 	112.17
1    CS     5         s-4
40    2.96 	11.33 
104.82	200	.00	.0	0
	0.00 	10.00 	20.00 	30.00 	40.00 	50.00 	60.00 	70.00 	80.00 	90.00 	
	100.00 	110.00 	120.00 	130.00 	140.00 	150.00 	160.00 	170.00 	180.00 	190.00 	
	200.00 	210.00 	220.00 	230.00 	240.00 	250.00 	260.00 	270.00 	280.00 	290.00 	
	300.00 	310.00 	320.00 	330.00 	340.00 	350.00 	360.00 	370.00 	380.00 	390.00 
	110.54 	107.92 	105.23 	104.52 	105.23 	102.09 	102.84 	103.82 	104.24 	105.41 	
	103.77 	104.39 	104.44 	104.26 	104.27 	104.95 	104.34 	104.84 	104.52 	104.23 	
	104.19 	104.22 	104.27 	104.21 	104.23 	104.76 	105.00 	104.92 	104.66 	104.70 	
	103.94 	103.97 	103.74 	103.76 	103.87 	103.94 	105.08 	105.15 	107.92 	110.54
1    CS     6         s-5
36    2.64 	13.97 
103.03	200	.00	.0	0
	0.00 	10.00 	20.00 	30.00 	40.00 	50.00 	60.00 	70.00 	80.00 	90.00 	
	100.00 	110.00 	120.00 	130.00 	140.00 	150.00 	160.00 	170.00 	180.00 	190.00 	
	200.00 	210.00 	220.00 	230.00 	240.00 	250.00 	260.00 	270.00 	280.00 	290.00 	
	300.00 	310.00 	320.00 	330.00 	340.00 	350.00 
	108.61 	105.69 	103.28 	103.19 	103.28 	100.87 	101.91 	102.40 	103.44 	101.98 	
	102.53 	102.58 	102.24 	103.22 	102.48 	103.01 	102.62 	102.39 	102.35 	102.30 	
	102.37 	102.36 	102.55 	102.74 	103.00 	102.77 	102.80 	102.13 	102.15 	101.99 	
	101.92 	102.13 	102.27 	103.21 	105.69 	108.61
1    CS     7         s-6
35    2.92 	16.89 
101.24	200	.00	.0	0
	0.00 	10.00 	20.00 	30.00 	40.00 	50.00 	60.00 	70.00 	80.00 	90.00 	
	100.00 	110.00 	120.00 	130.00 	140.00 	150.00 	160.00 	170.00 	180.00 	190.00 	
	200.00 	210.00 	220.00 	230.00 	240.00 	250.00 	260.00 	270.00 	280.00 	290.00 	
	300.00 	310.00 	320.00 	330.00 	340.00 
	106.87 	103.89 	101.52 	101.43 	98.77 	99.43 	100.18 	100.66 	101.69 	100.25 	
	100.87 	100.68 	100.69 	101.28 	100.75 	101.18 	100.91 	100.59 	100.64 	100.68 	
	100.63 	100.81 	101.11 	101.32 	100.99 	101.06 	100.40 	100.42 	100.27 	100.20 	
	100.33 	100.54 	101.46 	103.89 	106.87
1    CS     8         s-7
43    3.03 	19.92 
99.44	200	.00	.0	0
	0.00 	10.00 	20.00 	30.00 	40.00 	50.00 	60.00 	70.00 	80.00 	90.00 	
	100.00 	110.00 	120.00 	130.00 	140.00 	150.00 	160.00 	170.00 	180.00 	190.00 	
	200.00 	210.00 	220.00 	230.00 	240.00 	250.00 	260.00 	270.00 	280.00 	290.00 	
	300.00 	310.00 	320.00 	330.00 	340.00 	350.00 	360.00 	370.00 	380.00 	390.00 	
	400.00 	410.00 	420.00 
	105.28 	102.97 	99.99 	99.20 	99.99 	96.51 	97.34 	98.29 	98.90 	99.59 	
	98.52 	98.38 	99.17 	99.12 	98.70 	98.93 	99.69 	99.01 	99.56 	99.18 	
	98.89 	98.81 	98.87 	98.78 	98.87 	98.86 	99.09 	99.47 	99.73 	99.65 	
	99.36 	99.40 	98.57 	98.60 	98.35 	98.40 	98.31 	98.48 	98.74 	99.82 	
	100.33 	102.97 	105.28
1    CS     9         s-8
36    3.00 	22.92 
97.65	200	.00	.0	0
	0.00 	10.00 	20.00 	30.00 	40.00 	50.00 	60.00 	70.00 	80.00 	90.00 	
	100.00 	110.00 	120.00 	130.00 	140.00 	150.00 	160.00 	170.00 	180.00 	190.00 	
	200.00 	210.00 	220.00 	230.00 	240.00 	250.00 	260.00 	270.00 	280.00 	290.00 	
	300.00 	310.00 	320.00 	330.00 	340.00 	350.00 
	103.23 	100.31 	97.90 	97.80 	97.90 	95.48 	96.52 	97.01 	98.06 	96.59 	
	97.14 	97.19 	96.86 	97.84 	97.10 	97.62 	97.24 	97.00 	96.96 	96.92 	
	96.99 	96.98 	97.17 	97.36 	97.62 	97.39 	97.42 	96.75 	96.77 	96.61 	
	96.54 	96.75 	96.89 	97.82 	100.31 	103.23
1    CS     10         s-9
38    4.00 	26.92 
95.85	200	.00	.0	0
	0.00 	10.00 	20.00 	30.00 	40.00 	50.00 	60.00 	70.00 	80.00 	90.00 	
	100.00 	110.00 	120.00 	130.00 	140.00 	150.00 	160.00 	170.00 	180.00 	190.00 	
	200.00 	210.00 	220.00 	230.00 	240.00 	250.00 	260.00 	270.00 	280.00 	290.00 	
	300.00 	310.00 	320.00 	330.00 	340.00 	350.00 	360.00 	370.00 
	101.61 	98.98 	96.29 	95.58 	96.29 	93.61 	93.91 	94.89 	95.93 	96.48 	
	94.84 	95.55 	95.51 	95.14 	96.23 	96.02 	95.99 	95.57 	95.59 	95.23 	
	95.29 	95.20 	95.29 	95.30 	95.48 	95.70 	95.98 	95.69 	95.77 	95.01 	
	95.04 	94.81 	94.83 	94.78 	95.01 	96.14 	96.22 	101.61
1    CS     11         s-l0
25    3.15 	30.07 
94.06	200	.00	.0	0
	0.00 	10.00 	20.00 	30.00 	40.00 	50.00 	60.00 	70.00 	80.00 	90.00 	
	100.00 	110.00 	120.00 	130.00 	140.00 	150.00 	160.00 	170.00 	180.00 	190.00 	
	200.00 	210.00 	220.00 	230.00 	240.00 
	99.33 	95.53 	93.50 	93.93 	92.51 	93.34 	93.14 	93.43 	93.35 	93.89 	
	93.75 	93.49 	93.29 	93.28 	93.33 	93.44 	93.79 	93.59 	93.49 	93.18 	
	93.06 	93.16 	93.84 	95.53 	99.33
1    CS     12         s-l1
25    3.22 	33.30 
92.27	200	.00	.0	0
	0.00 	10.00 	20.00 	30.00 	40.00 	50.00 	60.00 	70.00 	80.00 	90.00 	
	100.00 	110.00 	120.00 	130.00 	140.00 	150.00 	160.00 	170.00 	180.00 	190.00 	
	200.00 	210.00 	220.00 	230.00 	240.00 
	97.53 	93.71 	91.71 	92.13 	90.73 	91.55 	91.35 	91.64 	91.56 	92.09 	
	91.95 	91.70 	91.50 	91.49 	91.54 	91.65 	91.99 	91.80 	91.69 	91.39 	
	91.27 	91.38 	92.04 	93.71 	97.53
1    CS     13         s-l2
36    3.37 	36.66 
90.47	200	.00	.0	0
	0.00 	10.00 	20.00 	30.00 	40.00 	50.00 	60.00 	70.00 	80.00 	90.00 	
	100.00 	110.00 	120.00 	130.00 	140.00 	150.00 	160.00 	170.00 	180.00 	190.00 	
	200.00 	210.00 	220.00 	230.00 	240.00 	250.00 	260.00 	270.00 	280.00 	290.00 	
	300.00 	310.00 	320.00 	330.00 	340.00 	350.00 
	96.06 	93.14 	90.72 	90.63 	90.72 	88.30 	89.34 	89.84 	90.89 	89.41 	
	89.97 	90.02 	89.68 	90.67 	89.92 	90.45 	90.07 	89.82 	89.79 	89.74 	
	89.81 	89.80 	89.99 	90.19 	90.44 	90.21 	90.25 	89.57 	89.59 	89.43 	
	89.36 	89.57 	89.71 	90.65 	93.14 	96.06
1    CS     14         s-l3
49    2.94 	39.60 
88.68	200	.00	.0	0
	0.00 	10.00 	20.00 	30.00 	40.00 	50.00 	60.00 	70.00 	80.00 	90.00 	
	100.00 	110.00 	120.00 	130.00 	140.00 	150.00 	160.00 	170.00 	180.00 	190.00 	
	200.00 	210.00 	220.00 	230.00 	240.00 	250.00 	260.00 	270.00 	280.00 	290.00 	
	300.00 	310.00 	320.00 	330.00 	340.00 	350.00 	360.00 	370.00 	380.00 	390.00 	
	400.00 	410.00 	420.00 	430.00 	440.00 	450.00 	460.00 	470.00 	480.00 
	94.58 	92.75 	89.29 	88.42 	89.19 	89.32 	85.90 	86.28 	87.37 	87.53 	
	88.86 	89.56 	87.63 	88.26 	88.38 	88.33 	87.85 	88.11 	89.25 	88.98 	
	88.94 	88.83 	88.40 	88.06 	87.97 	88.00 	87.93 	88.10 	88.04 	88.06 	
	88.29 	88.73 	88.57 	88.93 	88.55 	88.60 	88.38 	87.69 	87.73 	87.44 	
	87.50 	87.46 	87.40 	87.69 	87.89 	89.13 	89.71 	92.75 	94.58
1    CS     15         s-l4
34    3.82 	43.42 
86.88	200	.00	.0	0
	0.00 	10.00 	20.00 	30.00 	40.00 	50.00 	60.00 	70.00 	80.00 	90.00 	
	100.00 	110.00 	120.00 	130.00 	140.00 	150.00 	160.00 	170.00 	180.00 	190.00 	
	200.00 	210.00 	220.00 	230.00 	240.00 	250.00 	260.00 	270.00 	280.00 	290.00 	
	300.00 	310.00 	320.00 	330.00 
	92.49 	89.41 	87.14 	87.06 	84.50 	85.13 	85.96 	86.84 	86.02 	85.92 	
	86.52 	86.33 	86.34 	86.91 	86.89 	86.53 	86.30 	86.27 	86.22 	86.29 	
	86.30 	86.75 	86.95 	86.63 	86.70 	86.52 	86.09 	85.89 	85.91 	86.00 	
	86.20 	87.08 	89.41 	92.49
1    CS     16         s-l5
22    4.32 	47.74 
85.09	200	.00	.0	0
	0.00 	10.00 	20.00 	30.00 	40.00 	50.00 	60.00 	70.00 	80.00 	90.00 	
	100.00 	110.00 	120.00 	130.00 	140.00 	150.00 	160.00 	170.00 	180.00 	190.00 	
	200.00 	210.00 
	90.27 	86.28 	84.47 	83.18 	84.04 	84.95 	84.40 	84.34 	84.82 	84.69 	
	84.48 	84.31 	84.31 	84.42 	84.73 	84.55 	84.17 	84.09 	84.13 	84.77 	
	86.28 	90.27
1    CS     17         nfswz
40    2.80 	50.54 
83.46	200	.00	.0	0
	-56	-53.3	-35	-21.9	-13.1	-4.7	0	0.6	4.5	9	
	14.6	19.3	24.8	30.3	36	41.3	47.1	53.4	58.3	63	
	67.6	72.7	78.1	86.2	94.6	98.1	103	108	113	118	
	122	128	134	139	144	149	153	158	162	167
	89.29 	86.82 	83.99 	83.25 	83.99 	80.70 	81.48 	82.38 	82.96 	84.18 	
	82.59 	83.11 	83.21 	82.98 	82.99 	83.93 	83.06 	83.67 	83.23 	83.25 	
	82.88 	82.93 	82.84 	82.93 	82.92 	83.14 	83.50 	83.75 	83.35 	83.40 	
	83.21 	82.65 	82.67 	82.49 	82.45 	82.56 	82.65 	83.83 	83.91 	89.29
1    CS     18         s-l6
47    3.64 	54.18 
81.50	200	.00	.0	0
	0.00 	10.00 	20.00 	30.00 	40.00 	50.00 	60.00 	70.00 	80.00 	90.00 	
	100.00 	110.00 	120.00 	130.00 	140.00 	150.00 	160.00 	170.00 	180.00 	190.00 	
	200.00 	210.00 	220.00 	230.00 	240.00 	250.00 	260.00 	270.00 	280.00 	290.00 	
	300.00 	310.00 	320.00 	330.00 	340.00 	350.00 	360.00 	370.00 	380.00 	390.00 	
	400.00 	410.00 	420.00 	430.00 	440.00 	450.00 	460.00 
	87.37 	85.39 	82.07 	81.23 	81.98 	82.10 	78.81 	79.18 	80.38 	80.90 	
	81.66 	80.48 	80.33 	81.08 	81.14 	80.92 	80.68 	82.03 	81.77 	81.73 	
	81.63 	81.21 	80.88 	80.80 	80.83 	80.76 	80.93 	80.87 	80.88 	81.11 	
	81.37 	81.82 	81.72 	81.41 	81.46 	81.20 	80.57 	80.56 	80.29 	80.31 	
	80.25 	80.53 	80.73 	81.92 	82.47 	85.39 	87.37
1    CS     19         s-l7
27    2.87 	57.05 
79.71	200	.00	.0	0
	0.00 	10.00 	20.00 	30.00 	40.00 	50.00 	60.00 	70.00 	80.00 	90.00 	
	100.00 	110.00 	120.00 	130.00 	140.00 	150.00 	160.00 	170.00 	180.00 	190.00 	
	200.00 	210.00 	220.00 	230.00 	240.00 	250.00 	260.00 
	85.06 	81.47 	79.20 	79.68 	78.09 	78.74 	79.80 	78.71 	79.15 	78.90 	
	79.49 	79.47 	79.21 	78.97 	78.95 	79.00 	79.13 	79.28 	79.27 	79.32 	
	78.84 	78.69 	78.67 	78.82 	79.62 	81.47 	85.06
1    CS     20         s-l8
28    3.66 	60.70 
77.91	200	.00	.0	0
	0.00 	10.00 	20.00 	30.00 	40.00 	50.00 	60.00 	70.00 	80.00 	90.00 	
	100.00 	110.00 	120.00 	130.00 	140.00 	150.00 	160.00 	170.00 	180.00 	190.00 	
	200.00 	210.00 	220.00 	230.00 	240.00 	250.00 	260.00 	270.00 
	83.28 	79.69 	77.89 	77.89 	76.10 	76.96 	77.65 	77.01 	77.40 	77.25 	
	77.85 	77.30 	77.64 	77.23 	77.20 	77.26 	77.22 	77.35 	77.74 	77.49 	
	77.40 	77.06 	76.91 	76.89 	77.04 	77.84 	79.69 	83.28
1    CS     21         s-l9
28    3.12 	63.82 
76.12	200	.00	.0	0
	0.00 	10.00 	20.00 	30.00 	40.00 	50.00 	60.00 	70.00 	80.00 	90.00 	
	100.00 	110.00 	120.00 	130.00 	140.00 	150.00 	160.00 	170.00 	180.00 	190.00 	
	200.00 	210.00 	220.00 	230.00 	240.00 	250.00 	260.00 	270.00 
	81.50 	77.97 	76.11 	76.11 	74.26 	75.14 	75.86 	75.20 	75.60 	75.45 	
	76.07 	75.50 	75.85 	75.43 	75.40 	75.45 	75.41 	75.55 	75.96 	75.70 	
	75.60 	75.25 	75.09 	75.07 	75.23 	76.06 	77.97 	81.50
1    CS     22         s-20
28    3.58 	67.40 
74.32	200	.00	.0	0
	0.00 	10.00 	20.00 	30.00 	40.00 	50.00 	60.00 	70.00 	80.00 	90.00 	
	100.00 	110.00 	120.00 	130.00 	140.00 	150.00 	160.00 	170.00 	180.00 	190.00 	
	200.00 	210.00 	220.00 	230.00 	240.00 	250.00 	260.00 	270.00 
	79.70 	76.20 	74.32 	74.32 	72.45 	73.34 	74.07 	73.40 	73.81 	73.65 	
	74.28 	73.71 	74.05 	73.63 	73.60 	73.66 	73.61 	73.76 	74.16 	73.90 	
	73.81 	73.45 	73.29 	73.27 	73.43 	74.27 	76.20 	79.70
1    CS     23         s-2l
36    2.67 	70.07 
72.53	200	.00	.0	0
	0.00 	10.00 	20.00 	30.00 	40.00 	50.00 	60.00 	70.00 	80.00 	90.00 	
	100.00 	110.00 	120.00 	130.00 	140.00 	150.00 	160.00 	170.00 	180.00 	190.00 	
	200.00 	210.00 	220.00 	230.00 	240.00 	250.00 	260.00 	270.00 	280.00 	290.00 	
	300.00 	310.00 	320.00 	330.00 	340.00 	350.00 
	78.12 	75.24 	72.79 	72.69 	72.79 	70.33 	71.39 	71.89 	72.95 	71.46 	
	72.02 	72.07 	71.73 	72.73 	71.98 	72.51 	72.12 	71.88 	71.84 	71.79 	
	71.87 	71.86 	72.05 	72.25 	72.51 	72.27 	72.31 	71.62 	71.64 	71.48 	
	71.41 	71.62 	71.76 	72.72 	75.24 	78.12
1    CS     24         s-22
34    2.94 	73.01 
70.73	200	.00	.0	0
	0.00 	10.00 	20.00 	30.00 	40.00 	50.00 	60.00 	70.00 	80.00 	90.00 	
	100.00 	110.00 	120.00 	130.00 	140.00 	150.00 	160.00 	170.00 	180.00 	190.00 	
	200.00 	210.00 	220.00 	230.00 	240.00 	250.00 	260.00 	270.00 	280.00 	290.00 	
	300.00 	310.00 	320.00 	330.00 
	76.35 	73.28 	71.00 	70.91 	68.34 	68.97 	69.80 	70.69 	69.87 	69.77 	
	70.37 	70.18 	70.19 	70.77 	70.74 	70.38 	70.16 	70.12 	70.07 	70.14 	
	70.16 	70.60 	70.80 	70.49 	70.55 	70.37 	69.94 	69.74 	69.76 	69.85 	
	70.05 	70.93 	73.28 	76.35
1    CS     25         s-23
49    4.72 	77.73 
68.94	200	.00	.0	0
	0.00 	10.00 	20.00 	30.00 	40.00 	50.00 	60.00 	70.00 	80.00 	90.00 	
	100.00 	110.00 	120.00 	130.00 	140.00 	150.00 	160.00 	170.00 	180.00 	190.00 	
	200.00 	210.00 	220.00 	230.00 	240.00 	250.00 	260.00 	270.00 	280.00 	290.00 	
	300.00 	310.00 	320.00 	330.00 	340.00 	350.00 	360.00 	370.00 	380.00 	390.00 	
	400.00 	410.00 	420.00 	430.00 	440.00 	450.00 	460.00 	470.00 	480.00 
	74.83 	72.94 	69.54 	68.68 	69.44 	69.57 	66.20 	66.59 	67.66 	67.81 	
	69.12 	69.80 	67.91 	68.52 	68.65 	68.59 	68.12 	68.38 	69.50 	69.23 	
	69.19 	69.09 	68.66 	68.33 	68.24 	68.27 	68.20 	68.37 	68.31 	68.33 	
	68.55 	68.99 	68.83 	69.19 	68.81 	68.87 	68.65 	67.97 	68.01 	67.72 	
	67.78 	67.74 	67.68 	67.97 	68.17 	69.38 	69.95 	72.94 	74.83
1    CS     26         s-24
61    4.74 	82.47 
67.15	200	.00	.0	0
	0.00 	10.00 	20.00 	30.00 	40.00 	50.00 	60.00 	70.00 	80.00 	90.00 	
	100.00 	110.00 	120.00 	130.00 	140.00 	150.00 	160.00 	170.00 	180.00 	190.00 	
	200.00 	210.00 	220.00 	230.00 	240.00 	250.00 	260.00 	270.00 	280.00 	290.00 	
	300.00 	310.00 	320.00 	330.00 	340.00 	350.00 	360.00 	370.00 	380.00 	390.00 	
	400.00 	410.00 	420.00 	430.00 	440.00 	450.00 	460.00 	470.00 	480.00 	490.00 	
	500.00 	510.00 	520.00 	530.00 	540.00 	550.00 	560.00 	570.00 	580.00 	590.00 	
	600.00 
	73.32 	72.40 	68.10 	68.14 	67.01 	67.98 	68.14 	63.17 	63.88 	64.36 	
	65.72 	65.91 	66.58 	67.56 	68.43 	66.03 	66.81 	66.97 	66.90 	66.61 	
	66.30 	66.63 	68.04 	67.71 	66.74 	67.66 	67.52 	66.99 	67.02 	66.56 	
	66.46 	66.49 	66.54 	66.41 	66.62 	66.54 	66.52 	66.56 	66.85 	67.40 	
	67.20 	67.77 	67.65 	67.18 	67.25 	66.97 	66.11 	66.16 	66.15 	65.79 	
	65.87 	65.82 	65.74 	65.98 	66.11 	66.36 	67.90 	68.02 	68.62 	72.40 	
	73.32
1    CS     27         s-25
64    3.72 	86.19 
65.35	200	.00	.0	0
	0.00 	10.00 	20.00 	30.00 	40.00 	50.00 	60.00 	70.00 	80.00 	90.00 	
	100.00 	110.00 	120.00 	130.00 	140.00 	150.00 	160.00 	170.00 	180.00 	190.00 	
	200.00 	210.00 	220.00 	230.00 	240.00 	250.00 	260.00 	270.00 	280.00 	290.00 	
	300.00 	310.00 	320.00 	330.00 	340.00 	350.00 	360.00 	370.00 	380.00 	390.00 	
	400.00 	410.00 	420.00 	430.00 	440.00 	450.00 	460.00 	470.00 	480.00 	490.00 	
	500.00 	510.00 	520.00 	530.00 	540.00 	550.00 	560.00 	570.00 	580.00 	590.00 	
	600.00 	610.00 	620.00 	630.00 
	71.61 	70.94 	66.40 	66.44 	65.25 	66.27 	66.44 	61.20 	61.94 	62.45 	
	63.88 	64.08 	64.80 	65.83 	66.75 	64.22 	64.01 	65.04 	65.20 	65.13 	
	64.83 	64.50 	64.85 	66.34 	65.98 	64.96 	65.93 	65.79 	65.22 	65.26 	
	64.78 	64.66 	64.66 	64.70 	64.75 	64.61 	64.84 	64.75 	64.73 	64.78 	
	65.08 	65.66 	65.45 	66.06 	65.92 	65.43 	65.50 	65.56 	65.20 	64.30 	
	64.35 	64.34 	63.96 	64.04 	63.99 	63.91 	64.17 	64.30 	64.56 	66.19 	
	66.31 	66.95 	70.94 	71.61
1    CS     28         s-26
66    3.39 	89.59 
63.56	200	.00	.0	0
	0.00 	10.00 	20.00 	30.00 	40.00 	50.00 	60.00 	70.00 	80.00 	90.00 	
	100.00 	110.00 	120.00 	130.00 	140.00 	150.00 	160.00 	170.00 	180.00 	190.00 	
	200.00 	210.00 	220.00 	230.00 	240.00 	250.00 	260.00 	270.00 	280.00 	290.00 	
	300.00 	310.00 	320.00 	330.00 	340.00 	350.00 	360.00 	370.00 	380.00 	390.00 	
	400.00 	410.00 	420.00 	430.00 	440.00 	450.00 	460.00 	470.00 	480.00 	490.00 	
	500.00 	510.00 	520.00 	530.00 	540.00 	550.00 	560.00 	570.00 	580.00 	590.00 	
	600.00 	610.00 	620.00 	630.00 	640.00 	650.00 
	69.87 	69.33 	64.68 	64.72 	63.50 	64.54 	64.72 	59.35 	60.11 	60.63 	
	62.10 	62.30 	62.30 	63.03 	64.10 	65.03 	62.44 	62.23 	63.28 	63.45 	
	63.38 	63.06 	62.73 	63.09 	64.62 	64.25 	63.20 	64.20 	64.05 	63.47 	
	63.51 	63.01 	62.90 	62.90 	62.94 	62.99 	62.85 	63.07 	62.99 	62.97 	
	63.01 	63.32 	63.92 	63.70 	64.32 	64.19 	63.68 	63.75 	63.81 	63.45 	
	62.52 	62.58 	62.56 	62.18 	62.18 	62.26 	62.21 	62.13 	62.39 	62.52 	
	62.79 	64.46 	64.58 	65.24 	69.33 	69.87
1    CS     29         s-27
44    2.99 	92.58 
61.76	200	.00	.0	0
	0.00 	10.00 	20.00 	30.00 	40.00 	50.00 	60.00 	70.00 	80.00 	90.00 	
	100.00 	110.00 	120.00 	130.00 	140.00 	150.00 	160.00 	170.00 	180.00 	190.00 	
	200.00 	210.00 	220.00 	230.00 	240.00 	250.00 	260.00 	270.00 	280.00 	290.00 	
	300.00 	310.00 	320.00 	330.00 	340.00 	350.00 	360.00 	370.00 	380.00 	390.00 	
	400.00 	410.00 	420.00 	430.00 
	67.58 	65.36 	62.27 	61.48 	62.18 	58.72 	59.23 	60.55 	60.69 	61.88 	
	62.50 	60.64 	61.34 	61.40 	61.19 	60.97 	62.22 	61.98 	61.95 	61.85 	
	61.49 	61.16 	61.11 	61.14 	61.20 	61.14 	61.16 	61.37 	61.61 	62.03 	
	61.94 	61.65 	61.69 	60.83 	60.87 	60.60 	60.66 	60.57 	60.74 	61.01 	
	62.12 	62.64 	65.36 	67.58
1    CS     30         ncrhd
42    2.78 	95.36 
59.97	200	.00	.0	0
	0.00 	10.00 	20.00 	30.00 	40.00 	50.00 	60.00 	70.00 	80.00 	90.00 	
	100.00 	110.00 	120.00 	130.00 	140.00 	150.00 	160.00 	170.00 	180.00 	190.00 	
	200.00 	210.00 	220.00 	230.00 	240.00 	250.00 	260.00 	270.00 	280.00 	290.00 	
	300.00 	310.00 	320.00 	330.00 	340.00 	350.00 	360.00 	370.00 	380.00 	390.00 	
	400.00 	410.00
	65.75 	63.31 	60.45 	59.69 	60.45 	57.11 	57.91 	58.82 	59.40 	60.06 	
	59.03 	58.90 	59.66 	59.61 	59.21 	60.38 	60.16 	60.13 	60.03 	59.70 	
	59.39 	59.34 	59.38 	59.43 	59.38 	59.39 	59.58 	59.81 	60.12 	59.80 	
	59.89 	59.66 	59.12 	59.11 	58.92 	58.89 	59.00 	59.08 	60.29 	60.36 	
	63.31 	65.75
1    CS     31         ad-1
58    2.8 	98.16  
57.00	200	.00	.0	0
	0.00 	10.00 	20.00 	30.00 	40.00 	50.00 	60.00 	70.00 	80.00 	90.00 	
	100.00 	110.00 	120.00 	130.00 	140.00 	150.00 	160.00 	170.00 	180.00 	190.00 	
	200.00 	210.00 	220.00 	230.00 	240.00 	250.00 	260.00 	270.00 	280.00 	290.00 	
	300.00 	310.00 	320.00 	330.00 	340.00 	350.00 	360.00 	370.00 	380.00 	390.00 	
	400.00 	410.00 	420.00 	430.00 	440.00 	450.00 	460.00 	470.00 	480.00 	490.00 	
	500.00 	510.00 	520.00 	530.00 	540.00 	550.00 	560.00 	570.00 
	69.12 	61.69 	57.61 	57.64 	56.58 	57.49 	57.64 	53.60 	54.06 	55.34 	
	55.53 	56.16 	57.10 	57.92 	55.64 	55.46 	56.38 	56.53 	56.19 	55.90 	
	56.21 	57.55 	57.23 	56.31 	57.19 	57.06 	56.55 	56.58 	56.15 	56.08 	
	56.13 	56.00 	56.20 	56.13 	56.11 	56.15 	56.42 	56.94 	56.75 	57.30 	
	56.73 	56.79 	56.85 	56.53 	55.72 	55.76 	55.75 	55.42 	55.49 	55.44 	
	55.37 	55.72 	55.95 	57.42 	57.53 	58.10 	61.69 	69.12
1    CS     32         ad-2
85    3.02	101.18   
55.50	200	.00	.0	0
	0.00 	10.00 	20.00 	30.00 	40.00 	50.00 	60.00 	70.00 	80.00 	90.00 	
	100.00 	110.00 	120.00 	130.00 	140.00 	150.00 	160.00 	170.00 	180.00 	190.00 	
	200.00 	210.00 	220.00 	230.00 	240.00 	250.00 	260.00 	270.00 	280.00 	290.00 	
	300.00 	310.00 	320.00 	330.00 	340.00 	350.00 	360.00 	370.00 	380.00 	390.00 	
	400.00 	410.00 	420.00 	430.00 	440.00 	450.00 	460.00 	470.00 	480.00 	490.00 	
	500.00 	510.00 	520.00 	530.00 	540.00 	550.00 	560.00 	570.00 	580.00 	590.00 	
	600.00 	610.00 	620.00 	630.00 	640.00 	650.00 	660.00 	670.00 	680.00 	690.00 	
	700.00 	710.00 	720.00 	730.00 	740.00 	750.00 	760.00 	770.00 	780.00 	790.00 	
	800.00 	810.00 	820.00 	830.00 	841.71 
	63.45 	63.45 	57.16 	57.21 	55.56 	55.56 	56.97 	57.21 	57.21 	49.95 	
	50.97 	51.68 	51.68 	53.66 	53.94 	53.94 	54.93 	56.37 	57.63 	57.63 	
	54.13 	53.85 	55.27 	55.27 	55.49 	55.40 	55.40 	54.97 	54.52 	55.00 	
	55.00 	57.07 	56.58 	56.58 	55.16 	56.51 	56.31 	56.31 	55.52 	55.58 	
	55.58 	54.90 	54.75 	54.80 	54.80 	54.87 	54.68 	54.68 	54.99 	54.87 	
	54.85 	54.85 	54.90 	55.32 	55.32 	56.13 	55.83 	56.68 	56.68 	56.49 	
	55.80 	55.80 	55.90 	55.99 	55.49 	55.49 	54.24 	54.31 	54.30 	54.30 	
	53.78 	53.89 	53.89 	53.82 	53.71 	54.06 	54.06 	54.24 	54.61 	54.61 	
	56.86 	57.03 	57.92 	57.92 	63.45
1    CS     33         ad-3
69    2.22	103.40   
54.00	200	.00	.0	0
	0.00 	10.00 	20.00 	30.00 	40.00 	50.00 	60.00 	70.00 	80.00 	90.00 	
	100.00 	110.00 	120.00 	130.00 	140.00 	150.00 	160.00 	170.00 	180.00 	190.00 	
	200.00 	210.00 	220.00 	230.00 	240.00 	250.00 	260.00 	270.00 	280.00 	290.00 	
	300.00 	310.00 	320.00 	330.00 	340.00 	350.00 	360.00 	370.00 	380.00 	390.00 	
	400.00 	410.00 	420.00 	430.00 	440.00 	450.00 	460.00 	470.00 	480.00 	490.00 	
	500.00 	510.00 	520.00 	530.00 	540.00 	550.00 	560.00 	570.00 	580.00 	590.00 	
	600.00 	610.00 	620.00 	630.00 	640.00 	650.00 	660.00 	670.00 	680.00 
	60.35 	60.09 	55.17 	55.21 	53.93 	55.03 	55.03 	55.21 	49.54 	50.34 	
	50.89 	52.44 	52.66 	53.43 	54.55 	55.54 	52.80 	52.80 	52.58 	53.70 	
	53.87 	53.79 	53.46 	53.11 	53.49 	55.10 	54.72 	53.61 	53.61 	54.66 	
	54.51 	53.89 	53.94 	53.41 	53.29 	53.33 	53.39 	53.23 	53.48 	53.39 	
	53.39 	53.37 	53.41 	53.74 	54.37 	54.14 	54.80 	54.65 	54.11 	54.19 	
	54.26 	54.26 	53.87 	52.89 	52.95 	52.94 	52.53 	52.62 	52.56 	52.47 	
	52.75 	52.89 	52.89 	53.18 	54.94 	55.07 	55.76 	60.09 	60.35
1    CS     34         ad-4
126    3.66	107.06   
52.50	200	.00	.0	0
	0.00 	10.00 	20.00 	30.00 	40.00 	50.00 	60.00 	70.00 	80.00 	90.00 	
	100.00 	110.00 	120.00 	130.00 	140.00 	150.00 	160.00 	170.00 	180.00 	190.00 	
	200.00 	210.00 	220.00 	230.00 	240.00 	250.00 	260.00 	270.00 	280.00 	290.00 	
	300.00 	310.00 	320.00 	330.00 	340.00 	350.00 	360.00 	370.00 	380.00 	390.00 	
	400.00 	410.00 	420.00 	430.00 	440.00 	450.00 	460.00 	470.00 	480.00 	490.00 	
	500.00 	510.00 	520.00 	530.00 	540.00 	550.00 	560.00 	570.00 	580.00 	590.00 	
	600.00 	610.00 	620.00 	630.00 	640.00 	650.00 	660.00 	670.00 	680.00 	690.00 	
	700.00 	710.00 	720.00 	730.00 	740.00 	750.00 	760.00 	770.00 	780.00 	790.00 	
	800.00 	810.00 	820.00 	830.00 	840.00 	850.00 	860.00 	870.00 	880.00 	890.00 	
	900.00 	910.00 	920.00 	930.00 	940.00 	950.00 	960.00 	970.00 	980.00 	990.00 	
	1000.00 	1010.00 	1020.00 	1030.00 	1040.00 	1050.00 	1060.00 	1070.00 	1080.00 	1090.00 	
	1100.00 	1110.00 	1120.00 	1130.00 	1140.00 	1150.00 	1160.00 	1170.00 	1180.00 	1190.00 	
	1200.00 	1210.00 	1220.00 	1230.00 	1240.00 	1250.00 
	62.49 	62.49 	62.49 	54.60 	54.60 	54.67 	54.67 	54.67 	52.60 	54.37 	
	54.37 	54.67 	54.67 	54.67 	45.56 	45.56 	46.85 	47.73 	47.73 	47.73 	
	50.22 	50.22 	50.57 	50.57 	51.81 	53.61 	53.61 	53.61 	55.20 	55.20 	
	50.80 	50.80 	50.45 	50.45 	52.23 	52.23 	52.51 	52.51 	52.39 	52.39 	
	52.39 	51.86 	51.29 	51.29 	51.89 	51.89 	51.89 	54.49 	54.49 	53.87 	
	52.09 	52.09 	53.78 	53.78 	53.78 	53.54 	53.54 	52.55 	52.62 	52.62 	
	52.62 	51.77 	51.77 	51.58 	51.58 	51.65 	51.65 	51.65 	51.74 	51.49 	
	51.49 	51.88 	51.88 	51.88 	51.74 	51.74 	51.70 	51.77 	51.77 	51.77 	
	52.30 	52.30 	53.31 	53.31 	52.94 	54.00 	54.00 	54.00 	53.77 	53.77 	
	52.90 	52.90 	52.90 	53.02 	53.13 	53.13 	52.51 	52.51 	50.94 	50.94 	
	50.94 	51.03 	51.01 	51.01 	50.36 	50.36 	50.36 	50.50 	50.50 	50.41 	
	50.27 	50.27 	50.27 	50.71 	50.71 	50.94 	50.94 	51.40 	54.22 	54.22 	
	54.22 	54.44 	54.44 	55.55 	55.55 	62.49
1    CS     35         ad-5
52    4.09	111.15   
51.00	200	.00	.0	0
	0.00 	10.00 	20.00 	30.00 	40.00 	50.00 	60.00 	70.00 	80.00 	90.00 	
	100.00 	110.00 	120.00 	130.00 	140.00 	150.00 	160.00 	170.00 	180.00 	190.00 	
	200.00 	210.00 	220.00 	230.00 	240.00 	250.00 	260.00 	270.00 	280.00 	290.00 	
	300.00 	310.00 	320.00 	330.00 	340.00 	350.00 	360.00 	370.00 	380.00 	390.00 	
	400.00 	410.00 	420.00 	430.00 	440.00 	450.00 	460.00 	470.00 	480.00 	490.00 	
	500.00 	510.00 
	56.97 	55.32 	51.70 	51.73 	51.60 	51.73 	47.55 	48.14 	49.69 	49.85 	
	50.42 	51.25 	51.98 	49.80 	50.61 	50.74 	50.69 	50.18 	50.46 	51.65 	
	51.37 	50.55 	51.21 	50.76 	50.79 	50.40 	50.35 	50.39 	50.27 	50.45 	
	50.37 	50.40 	50.65 	51.11 	50.94 	51.32 	50.92 	50.98 	51.03 	50.02 	
	50.06 	50.05 	49.75 	49.82 	49.71 	49.92 	50.02 	50.23 	51.63 	52.14 	
	55.32 	56.97
