1    37    fuhe
1    fuhe_4   37
1    CS     1         liaofangba
63    0.00 	0.00 
51.73	400	.00	.0	0
	0.0 	4.1 	7.7 	12.2 	18.7 	27.2 	40.0 	43.1 	64.3 	67.2 	
	71.6 	80.6 	86.4 	95.7 	105.8 	114.2	128	132.0 	149.2 	152.1 	
	162.9 	170.8 	181.5 	186.1 	189.9 	195.3 	201.0 	209.0 	210.5 	225.5 	
	230.9 	241.6 	248.7 	266.6 	275.2 	281.4 	282.0 	294.5 	328.0 	415.1 	
	501.6 	509.3 	529.5 	548.5 	577.9 	591.5 	619.6 	637.2 	644.8 	651.5 	
	659.9 	666.8 	683.2 	703.9 	724.4 	756.3 	772.5 	780.7 	789.6 	795.1 	
	799.6 	806.5 	818.4 
	61	55.25	53.53	51.72	52.44	52.19	51.61	50.45	53.11	53.19	
	53.36	53.33	53.319	53.38	52.74	52.62	53.28	52.94	52.92	53.665	
	53.843	53.14	53.05	55.36	55.15	54.53	54.77	54.69	53.08	53.46	
	53.19	52.95	52.9	52.74	52.916	50.7	50.26	49.82	49.56	49.56	
	49.66	49.56	49.65	49.22	49.46	49.83	49.35	48.91	49.388	50.14	
	49.74	50.08	47.07	46.9	46.12	47.16	48.09	46.6	46.75	49.53	
	50.26	52.9	61
1    CS     2         m-1
63    2.33 	2.33 
49.26	400	.00	.0	0
	0.00 	10.00 	20.00 	30.00 	40.00 	50.00 	60.00 	70.00 	80.00 	90.00 	
	100.00 	110.00 	120.00 	130.00 	140.00 	150.00 	160.00 	170.00 	180.00 	190.00 	
	200.00 	210.00 	220.00 	230.00 	240.00 	250.00 	260.00 	270.00 	280.00 	290.00 	
	300.00 	310.00 	320.00 	330.00 	340.00 	350.00 	360.00 	370.00 	380.00 	390.00 	
	400.00 	410.00 	420.00 	430.00 	440.00 	450.00 	460.00 	470.00 	480.00 	490.00 	
	500.00 	510.00 	520.00 	530.00 	540.00 	550.00 	560.00 	570.00 	580.00 	590.00 	
	600.00 	610.00 	620.00 
	60 	54.60 	50.13 	50.17 	49.00 	50.00 	50.17 	45.01 	45.74 	46.24 	
	47.65 	47.85 	48.55 	49.57 	50.47 	47.98 	47.78 	48.79 	48.95 	48.88 	
	48.58 	48.26 	48.60 	50.07 	49.72 	48.71 	49.67 	49.53 	48.97 	49.01 	
	48.53 	48.42 	48.46 	48.51 	48.37 	48.59 	48.51 	48.49 	48.53 	48.83 	
	49.40 	49.19 	49.79 	49.66 	49.17 	49.24 	49.30 	48.95 	48.06 	48.11 	
	48.10 	47.73 	47.81 	47.76 	47.68 	47.93 	48.06 	48.32 	49.92 	50.04 	
	50.67 	54.60 	60
1    CS     3         m-2
81    2.89 	5.22 
47.54	400	.00	.0	0
	0.00 	10.00 	20.00 	30.00 	40.00 	50.00 	60.00 	70.00 	80.00 	90.00 	
	100.00 	110.00 	120.00 	130.00 	140.00 	150.00 	160.00 	170.00 	180.00 	190.00 	
	200.00 	210.00 	220.00 	230.00 	240.00 	250.00 	260.00 	270.00 	280.00 	290.00 	
	300.00 	310.00 	320.00 	330.00 	340.00 	350.00 	360.00 	370.00 	380.00 	390.00 	
	400.00 	410.00 	420.00 	430.00 	440.00 	450.00 	460.00 	470.00 	480.00 	490.00 	
	500.00 	510.00 	520.00 	530.00 	540.00 	550.00 	560.00 	570.00 	580.00 	590.00 	
	600.00 	610.00 	620.00 	630.00 	640.00 	650.00 	660.00 	670.00 	680.00 	690.00 	
	700.00 	710.00 	720.00 	730.00 	740.00 	750.00 	760.00 	770.00 	780.00 	790.00 	
	797.40 
	60 	49.06 	49.06 	49.12 	47.55 	48.89 	48.89 	49.12 	42.23 	43.21 	
	43.21 	43.87 	45.75 	46.02 	46.02 	46.95 	48.31 	49.52 	49.52 	46.19 	
	45.93 	47.27 	47.27 	47.49 	47.39 	46.99 	46.99 	46.57 	47.02 	48.98 	
	48.98 	48.52 	47.17 	48.45 	48.45 	48.26 	47.51 	47.57 	47.57 	46.93 	
	46.78 	46.83 	46.83 	46.90 	46.71 	47.01 	47.01 	46.90 	46.87 	46.93 	
	46.93 	47.33 	48.09 	47.81 	47.81 	48.61 	48.44 	47.78 	47.78 	47.87 	
	47.95 	47.49 	47.49 	46.30 	46.37 	46.35 	46.35 	45.86 	45.97 	45.90 	
	45.90 	45.79 	46.13 	46.30 	46.30 	46.65 	48.78 	48.94 	48.94 	49.78 	
	60
1    CS     4         m-3
71    2.82 	8.03 
46.79	400	.00	.0	0
	0.00 	10.00 	20.00 	30.00 	40.00 	50.00 	60.00 	70.00 	80.00 	90.00 	
	100.00 	110.00 	120.00 	130.00 	140.00 	150.00 	160.00 	170.00 	180.00 	190.00 	
	200.00 	210.00 	220.00 	230.00 	240.00 	250.00 	260.00 	270.00 	280.00 	290.00 	
	300.00 	310.00 	320.00 	330.00 	340.00 	350.00 	360.00 	370.00 	380.00 	390.00 	
	400.00 	410.00 	420.00 	430.00 	440.00 	450.00 	460.00 	470.00 	480.00 	490.00 	
	500.00 	510.00 	520.00 	530.00 	540.00 	550.00 	560.00 	570.00 	580.00 	590.00 	
	600.00 	610.00 	620.00 	630.00 	640.00 	650.00 	660.00 	670.00 	680.00 	690.00 	
	700.00 
	60 	52.90 	47.82 	47.86 	46.53 	46.53 	47.67 	47.86 	42.00 	42.83 	
	43.40 	45.00 	45.23 	45.23 	46.02 	47.18 	48.20 	45.37 	45.15 	46.29 	
	46.48 	46.40 	46.40 	46.06 	45.69 	46.08 	47.75 	47.35 	46.20 	47.29 	
	47.14 	47.14 	46.50 	46.54 	46.00 	45.87 	45.92 	45.98 	45.82 	45.82 	
	46.07 	45.98 	45.95 	46.00 	46.34 	46.99 	46.75 	47.43 	47.43 	47.28 	
	46.73 	46.81 	46.87 	46.48 	45.46 	45.52 	45.51 	45.51 	45.09 	45.18 	
	45.12 	45.03 	45.32 	45.46 	45.76 	45.76 	47.58 	47.72 	48.43 	52.90 	
	60
1    CS     5         m-4
107    2.93 	10.96 
44.80	400	.00	.0	0
	0.00 	10.00 	20.00 	30.00 	40.00 	50.00 	60.00 	70.00 	80.00 	90.00 	
	100.00 	110.00 	120.00 	130.00 	140.00 	150.00 	160.00 	170.00 	180.00 	190.00 	
	200.00 	210.00 	220.00 	230.00 	240.00 	250.00 	260.00 	270.00 	280.00 	290.00 	
	300.00 	310.00 	320.00 	330.00 	340.00 	350.00 	360.00 	370.00 	380.00 	390.00 	
	400.00 	410.00 	420.00 	430.00 	440.00 	450.00 	460.00 	470.00 	480.00 	490.00 	
	500.00 	510.00 	520.00 	530.00 	540.00 	550.00 	560.00 	570.00 	580.00 	590.00 	
	600.00 	610.00 	620.00 	630.00 	640.00 	650.00 	660.00 	670.00 	680.00 	690.00 	
	700.00 	710.00 	720.00 	730.00 	740.00 	750.00 	760.00 	770.00 	780.00 	790.00 	
	800.00 	810.00 	820.00 	830.00 	840.00 	850.00 	860.00 	870.00 	880.00 	890.00 	
	900.00 	910.00 	920.00 	930.00 	940.00 	950.00 	960.00 	970.00 	980.00 	990.00 	
	1000.0 	1010.0 	1020.0 	1030.00	1040.0 	1050.0 	1055.42
	60 	54.73 	46.84 	46.84 	46.91 	46.91 	44.85 	46.61 	46.61 	46.91 	
	46.91 	37.80 	37.80 	39.09 	39.97 	39.97 	42.46 	42.46 	42.82 	42.82 	
	44.05 	45.85 	45.85 	47.44 	47.44 	43.05 	43.05 	42.69 	44.48 	44.48 	
	44.76 	44.76 	44.63 	44.63 	44.11 	43.54 	43.54 	44.14 	44.14 	46.74 	
	46.74 	46.12 	44.33 	44.33 	46.03 	46.03 	45.78 	45.78 	44.79 	44.86 	
	44.86 	44.02 	44.02 	43.82 	43.82 	43.89 	43.89 	43.98 	43.73 	43.73 	
	44.12 	44.12 	43.98 	43.98 	43.95 	44.02 	44.02 	44.55 	44.55 	45.55 	
	45.55 	45.18 	46.24 	46.24 	46.01 	46.01 	45.15 	45.15 	45.27 	45.38 	
	45.38 	44.76 	44.76 	43.19 	43.19 	43.28 	43.26 	43.26 	42.60 	42.60 	
	42.75 	42.75 	42.66 	42.52 	42.52 	42.96 	42.96 	43.19 	43.19 	43.65 	
	46.47 	46.47 	46.68 	46.68 	47.79 	47.79 	60
1    CS     6         m-5
85    3.22 	14.19 
44.10	400	.00	.0	0
	0.00 	10.00 	20.00 	30.00 	40.00 	50.00 	60.00 	70.00 	80.00 	90.00 	
	100.00 	110.00 	120.00 	130.00 	140.00 	150.00 	160.00 	170.00 	180.00 	190.00 	
	200.00 	210.00 	220.00 	230.00 	240.00 	250.00 	260.00 	270.00 	280.00 	290.00 	
	300.00 	310.00 	320.00 	330.00 	340.00 	350.00 	360.00 	370.00 	380.00 	390.00 	
	400.00 	410.00 	420.00 	430.00 	440.00 	450.00 	460.00 	470.00 	480.00 	490.00 	
	500.00 	510.00 	520.00 	530.00 	540.00 	550.00 	560.00 	570.00 	580.00 	590.00 	
	600.00 	610.00 	620.00 	630.00 	640.00 	650.00 	660.00 	670.00 	680.00 	690.00 	
	700.00 	710.00 	720.00 	730.00 	740.00 	750.00 	760.00 	770.00 	780.00 	790.00 	
	800.00 	810.00 	820.00 	830.00 	832.07 
	60 	51.76 	45.54 	45.60 	43.97 	43.97 	45.36 	45.60 	45.60 	38.41 	
	39.43 	40.13 	40.13 	42.09 	42.37 	42.37 	43.34 	44.76 	46.01 	46.01 	
	42.55 	42.27 	43.67 	43.67 	43.90 	43.80 	43.80 	43.38 	42.94 	43.41 	
	43.41 	45.46 	44.97 	44.97 	43.56 	44.90 	44.70 	44.70 	43.93 	43.98 	
	43.98 	43.31 	43.16 	43.22 	43.22 	43.29 	43.09 	43.09 	43.40 	43.29 	
	43.26 	43.26 	43.31 	43.73 	43.73 	44.52 	44.23 	45.07 	45.07 	44.89 	
	44.20 	44.20 	44.30 	44.38 	43.90 	43.90 	42.66 	42.73 	42.71 	42.71 	
	42.20 	42.31 	42.31 	42.24 	42.13 	42.48 	42.48 	42.66 	43.02 	43.02 	
	45.25 	45.41 	46.29 	46.29 	60
1    CS     7         m-6
60    2.96 	17.15 
43.67	400	.00	.0	0
	0.00 	10.00 	20.00 	30.00 	40.00 	50.00 	60.00 	70.00 	80.00 	90.00 	
	100.00 	110.00 	120.00 	130.00 	140.00 	150.00 	160.00 	170.00 	180.00 	190.00 	
	200.00 	210.00 	220.00 	230.00 	240.00 	250.00 	260.00 	270.00 	280.00 	290.00 	
	300.00 	310.00 	320.00 	330.00 	340.00 	350.00 	360.00 	370.00 	380.00 	390.00 	
	400.00 	410.00 	420.00 	430.00 	440.00 	450.00 	460.00 	470.00 	480.00 	490.00 	
	500.00 	510.00 	520.00 	530.00 	540.00 	550.00 	560.00 	570.00 	580.00 	590.00 
	60 	48.46 	44.22 	44.25 	43.14 	44.09 	44.25 	39.36 	40.05 	40.52 	
	42.05 	42.72 	43.68 	44.54 	42.18 	41.99 	42.94 	43.10 	43.03 	42.74 	
	42.44 	42.76 	44.16 	43.83 	42.87 	43.78 	43.65 	43.11 	43.15 	42.59 	
	42.63 	42.68 	42.55 	42.75 	42.68 	42.66 	42.70 	42.98 	43.52 	43.32 	
	43.89 	43.77 	43.30 	43.37 	43.43 	43.10 	42.25 	42.30 	42.29 	42.01 	
	41.97 	41.89 	42.13 	42.25 	42.50 	44.02 	44.13 	44.73 	48.46 	60
1    CS     8         m-7
55    3.29 	20.44 
42.64	400	.00	.0	0
	0.00 	10.00 	20.00 	30.00 	40.00 	50.00 	60.00 	70.00 	80.00 	90.00 	
	100.00 	110.00 	120.00 	130.00 	140.00 	150.00 	160.00 	170.00 	180.00 	190.00 	
	200.00 	210.00 	220.00 	230.00 	240.00 	250.00 	260.00 	270.00 	280.00 	290.00 	
	300.00 	310.00 	320.00 	330.00 	340.00 	350.00 	360.00 	370.00 	380.00 	390.00 	
	400.00 	410.00 	420.00 	430.00 	440.00 	450.00 	460.00 	470.00 	480.00 	490.00 	
	500.00 	510.00 	520.00 	530.00 	540.00 
	60 	46.84 	43.01 	43.04 	42.89 	43.04 	38.61 	39.24 	39.67 	40.88 	
	41.65 	42.53 	43.30 	41.16 	40.99 	41.86 	41.99 	41.68 	41.40 	41.69 	
	42.95 	42.65 	41.79 	42.61 	42.01 	42.04 	41.63 	41.54 	41.57 	41.62 	
	41.68 	41.62 	41.60 	41.63 	41.89 	42.38 	42.20 	42.60 	42.18 	42.24 	
	42.29 	41.99 	41.23 	41.27 	40.95 	41.01 	40.97 	40.90 	41.12 	41.23 	
	42.83 	42.93 	43.47 	46.84 	60
1    CS     9         m-8
54    3.02 	23.46 
41.50	400	.00	.0	0
	0.00 	10.00 	20.00 	30.00 	40.00 	50.00 	60.00 	70.00 	80.00 	90.00 	
	100.00 	110.00 	120.00 	130.00 	140.00 	150.00 	160.00 	170.00 	180.00 	190.00 	
	200.00 	210.00 	220.00 	230.00 	240.00 	250.00 	260.00 	270.00 	280.00 	290.00 	
	300.00 	310.00 	320.00 	330.00 	340.00 	350.00 	360.00 	370.00 	380.00 	390.00 	
	400.00 	410.00 	420.00 	430.00 	440.00 	450.00 	460.00 	470.00 	480.00 	490.00 	
	500.00 	510.00 	520.00 	530.00 
	60 	45.58 	41.82 	40.87 	41.71 	41.85 	37.51 	38.13 	38.55 	39.90 	
	40.49 	41.35 	42.11 	40.01 	39.84 	40.83 	40.77 	40.52 	40.25 	40.53 	
	41.77 	40.63 	41.43 	41.32 	40.84 	40.88 	40.38 	40.41 	40.46 	40.34 	
	40.52 	40.46 	40.47 	40.73 	41.21 	41.03 	41.53 	41.42 	41.07 	41.12 	
	40.83 	40.08 	40.12 	40.11 	39.87 	39.83 	39.76 	39.97 	40.08 	40.30 	
	41.74 	42.27 	45.58 	60
1    CS     10         m-9
69    3.64 	27.10 
39.96	400	.00	.0	0
	0.00 	10.00 	20.00 	30.00 	40.00 	50.00 	60.00 	70.00 	80.00 	90.00 	
	100.00 	110.00 	120.00 	130.00 	140.00 	150.00 	160.00 	170.00 	180.00 	190.00 	
	200.00 	210.00 	220.00 	230.00 	240.00 	250.00 	260.00 	270.00 	280.00 	290.00 	
	300.00 	310.00 	320.00 	330.00 	340.00 	350.00 	360.00 	370.00 	380.00 	390.00 	
	400.00 	410.00 	420.00 	430.00 	440.00 	450.00 	460.00 	470.00 	480.00 	490.00 	
	500.00 	510.00 	520.00 	530.00 	540.00 	550.00 	560.00 	570.00 	580.00 	590.00 	
	600.00 	610.00 	620.00 	630.00 	640.00 	650.00 	660.00 	670.00 	680.00 
	60 	45.64 	40.72 	40.77 	39.48 	40.58 	40.58 	40.77 	35.09 	35.90 	
	36.45 	38.00 	38.22 	38.99 	40.11 	41.10 	38.36 	38.36 	38.14 	39.25 	
	39.43 	39.35 	39.02 	38.67 	39.04 	40.66 	40.27 	39.16 	39.16 	40.22 	
	40.06 	39.45 	39.49 	38.96 	38.84 	38.89 	38.94 	38.79 	39.03 	38.94 	
	38.94 	38.92 	38.96 	39.29 	39.92 	39.69 	40.35 	40.21 	39.67 	39.75 	
	39.81 	39.81 	39.43 	38.45 	38.50 	38.49 	38.08 	38.17 	38.12 	38.03 	
	38.30 	38.45 	38.45 	38.73 	40.49 	40.62 	41.32 	45.64 	60
1    CS     11         m-10
70    3.33 	30.43 
38.78	400	.00	.0	0
	0.00 	10.00 	20.00 	30.00 	40.00 	50.00 	60.00 	70.00 	80.00 	90.00 	
	100.00 	110.00 	120.00 	130.00 	140.00 	150.00 	160.00 	170.00 	180.00 	190.00 	
	200.00 	210.00 	220.00 	230.00 	240.00 	250.00 	260.00 	270.00 	280.00 	290.00 	
	300.00 	310.00 	320.00 	330.00 	340.00 	350.00 	360.00 	370.00 	380.00 	390.00 	
	400.00 	410.00 	420.00 	430.00 	440.00 	450.00 	460.00 	470.00 	480.00 	490.00 	
	500.00 	510.00 	520.00 	530.00 	540.00 	550.00 	560.00 	570.00 	580.00 	590.00 	
	600.00 	610.00 	620.00 	630.00 	640.00 	650.00 	660.00 	670.00 	680.00 	690.00 
	60 	44.55 	39.55 	39.59 	38.28 	38.28 	39.40 	39.59 	33.82 	34.64 	
	35.19 	36.77 	37.00 	37.78 	38.92 	38.92 	39.93 	37.14 	36.92 	38.05 	
	38.23 	38.15 	37.81 	37.46 	37.84 	37.84 	39.48 	39.09 	37.96 	39.03 	
	38.88 	38.25 	38.30 	37.76 	37.64 	37.64 	37.68 	37.74 	37.58 	37.83 	
	37.74 	37.71 	37.76 	38.09 	38.09 	38.73 	38.50 	39.17 	39.02 	38.48 	
	38.55 	38.62 	38.23 	37.23 	37.23 	37.29 	37.28 	36.86 	36.95 	36.90 	
	36.81 	37.09 	37.23 	37.52 	37.52 	39.31 	39.45 	40.15 	44.55 	60
1    CS     12         m-11
54    4.27 	34.70 
38.09	400	.00	.0	0
	0.00 	10.00 	20.00 	30.00 	40.00 	50.00 	60.00 	70.00 	80.00 	90.00 	
	100.00 	110.00 	120.00 	130.00 	140.00 	150.00 	160.00 	170.00 	180.00 	190.00 	
	200.00 	210.00 	220.00 	230.00 	240.00 	250.00 	260.00 	270.00 	280.00 	290.00 	
	300.00 	310.00 	320.00 	330.00 	340.00 	350.00 	360.00 	370.00 	380.00 	390.00 	
	400.00 	410.00 	420.00 	430.00 	440.00 	450.00 	460.00 	470.00 	480.00 	490.00 	
	500.00 	510.00 	520.00 	530.00 
	60 	42.06 	38.28 	37.33 	38.17 	38.31 	33.95 	34.57 	34.99 	36.35 	
	36.94 	37.81 	38.57 	36.46 	36.29 	37.28 	37.22 	36.97 	36.70 	36.99 	
	38.23 	37.08 	37.89 	37.77 	37.30 	37.33 	36.83 	36.87 	36.91 	36.79 	
	36.98 	36.91 	36.93 	37.18 	37.66 	37.49 	37.99 	37.88 	37.53 	37.58 	
	37.28 	36.53 	36.57 	36.56 	36.32 	36.28 	36.21 	36.42 	36.53 	36.75 	
	38.20 	38.74 	42.06 	60
1    CS     13         m-12
85    4.17 	38.87 
36.01	400	.00	.0	0
	0.00 	10.00 	20.00 	30.00 	40.00 	50.00 	60.00 	70.00 	80.00 	90.00 	
	100.00 	110.00 	120.00 	130.00 	140.00 	150.00 	160.00 	170.00 	180.00 	190.00 	
	200.00 	210.00 	220.00 	230.00 	240.00 	250.00 	260.00 	270.00 	280.00 	290.00 	
	300.00 	310.00 	320.00 	330.00 	340.00 	350.00 	360.00 	370.00 	380.00 	390.00 	
	400.00 	410.00 	420.00 	430.00 	440.00 	450.00 	460.00 	470.00 	480.00 	490.00 	
	500.00 	510.00 	520.00 	530.00 	540.00 	550.00 	560.00 	570.00 	580.00 	590.00 	
	600.00 	610.00 	620.00 	630.00 	640.00 	650.00 	660.00 	670.00 	680.00 	690.00 	
	700.00 	710.00 	720.00 	730.00 	740.00 	750.00 	760.00 	770.00 	780.00 	790.00 	
	800.00 	810.00 	820.00 	830.00 	841.71 
	60 	43.58 	37.28 	37.34 	35.69 	35.69 	37.10 	37.34 	37.34 	30.07 	
	31.10 	31.81 	31.81 	33.79 	34.07 	34.07 	35.06 	36.49 	37.76 	37.76 	
	34.26 	33.97 	35.40 	35.40 	35.62 	35.52 	35.52 	35.10 	34.65 	35.13 	
	35.13 	37.20 	36.71 	36.71 	35.28 	36.64 	36.44 	36.44 	35.65 	35.71 	
	35.71 	35.03 	34.88 	34.93 	34.93 	35.00 	34.81 	34.81 	35.11 	35.00 	
	34.97 	34.97 	35.03 	35.45 	35.45 	36.26 	35.96 	36.80 	36.80 	36.62 	
	35.93 	35.93 	36.03 	36.11 	35.62 	35.62 	34.37 	34.44 	34.42 	34.42 	
	33.90 	34.02 	34.02 	33.95 	33.83 	34.19 	34.19 	34.37 	34.73 	34.73 	
	36.99 	37.16 	38.04 	38.04 	60
1    CS     14         m-0
85    3.98 	42.85 
36.01	400	.00	.0	0
	0.00 	10.00 	20.00 	30.00 	40.00 	50.00 	60.00 	70.00 	80.00 	90.00 	
	100.00 	110.00 	120.00 	130.00 	140.00 	150.00 	160.00 	170.00 	180.00 	190.00 	
	200.00 	210.00 	220.00 	230.00 	240.00 	250.00 	260.00 	270.00 	280.00 	290.00 	
	300.00 	310.00 	320.00 	330.00 	340.00 	350.00 	360.00 	370.00 	380.00 	390.00 	
	400.00 	410.00 	420.00 	430.00 	440.00 	450.00 	460.00 	470.00 	480.00 	490.00 	
	500.00 	510.00 	520.00 	530.00 	540.00 	550.00 	560.00 	570.00 	580.00 	590.00 	
	600.00 	610.00 	620.00 	630.00 	640.00 	650.00 	660.00 	670.00 	680.00 	690.00 	
	700.00 	710.00 	720.00 	730.00 	740.00 	750.00 	760.00 	770.00 	780.00 	790.00 	
	800.00 	810.00 	820.00 	830.00 	841.71 
	60 	43.58 	37.28 	37.34 	35.69 	35.69 	37.10 	37.34 	37.34 	30.07 	
	31.10 	31.81 	31.81 	33.79 	34.07 	34.07 	35.06 	36.49 	37.76 	37.76 	
	34.26 	33.97 	35.40 	35.40 	35.62 	35.52 	35.52 	35.10 	34.65 	35.13 	
	35.13 	37.20 	36.71 	36.71 	35.28 	36.64 	36.44 	36.44 	35.65 	35.71 	
	35.71 	35.03 	34.88 	34.93 	34.93 	35.00 	34.81 	34.81 	35.11 	35.00 	
	34.97 	34.97 	35.03 	35.45 	35.45 	36.26 	35.96 	36.80 	36.80 	36.62 	
	35.93 	35.93 	36.03 	36.11 	35.62 	35.62 	34.37 	34.44 	34.42 	34.42 	
	33.90 	34.02 	34.02 	33.95 	33.83 	34.19 	34.19 	34.37 	34.73 	34.73 	
	36.99 	37.16 	38.04 	38.04 	60
1    CS     15         1-1
300    3.32 	46.17 
33.61	400	.00	.0	0
     0.00     2.00     4.00     6.00     8.00    10.00    12.00    14.00    16.00    18.00
    20.00    22.00    24.00    26.00    28.00    30.00    32.00    34.00    36.00    38.00
    40.00    42.00    44.00    46.00    48.00    50.00    52.00    54.00    56.00    58.00
    60.00    62.00    64.00    66.00    68.00    70.00    72.00    74.00    76.00    78.00
    80.00    82.00    84.00    86.00    88.00    90.00    92.00    94.00    96.00    98.00
   100.00   102.00   104.00   106.00   108.00   110.00   112.00   114.00   116.00   118.00
   120.00   122.00   124.00   126.00   128.00   130.00   132.00   134.00   136.00   138.00
   140.00   142.00   144.00   146.00   148.00   150.00   152.00   154.00   156.00   158.00
   160.00   162.00   164.00   166.00   168.00   170.00   172.00   174.00   176.00   178.00
   180.00   182.00   184.00   186.00   188.00   190.00   192.00   194.00   196.00   198.00
   200.00   202.00   204.00   206.00   208.00   210.00   212.00   214.00   216.00   218.00
   220.00   222.00   224.00   226.00   228.00   230.00   232.00   234.00   236.00   238.00
   240.00   242.00   244.00   246.00   248.00   250.00   252.00   254.00   256.00   258.00
   260.00   262.00   264.00   266.00   268.00   270.00   272.00   274.00   276.00   278.00
   280.00   282.00   284.00   286.00   288.00   290.00   292.00   294.00   296.00   298.00
   300.00   302.00   304.00   306.00   308.00   310.00   312.00   314.00   316.00   318.00
   320.00   322.00   324.00   326.00   328.00   330.00   332.00   334.00   336.00   338.00
   340.00   342.00   344.00   346.00   348.00   350.00   352.00   354.00   356.00   358.00
   360.00   362.00   364.00   366.00   368.00   370.00   372.00   374.00   376.00   378.00
   380.00   382.00   384.00   386.00   388.00   390.00   392.00   394.00   396.00   398.00
   400.00   402.00   404.00   406.00   408.00   410.00   412.00   414.00   416.00   418.00
   420.00   422.00   424.00   426.00   428.00   430.00   432.00   434.00   436.00   438.00
   440.00   442.00   444.00   446.00   448.00   450.00   452.00   454.00   456.00   458.00
   460.00   462.00   464.00   466.00   468.00   470.00   472.00   474.00   476.00   478.00
   480.00   482.00   484.00   486.00   488.00   490.00   492.00   494.00   496.00   498.00
   500.00   502.00   504.00   506.00   508.00   510.00   512.00   514.00   516.00   518.00
   520.00   522.00   524.00   526.00   528.00   530.00   532.00   534.00   536.00   538.00
   540.00   542.00   544.00   546.00   548.00   550.00   552.00   554.00   556.00   558.00
   560.00   562.00   564.00   566.00   568.00   570.00   572.00   574.00   576.00   578.00
   580.00   582.00   584.00   586.00   588.00   590.00   592.00   594.00   596.00   597.81
    60    36.20    35.96    35.58    35.21    34.79    34.78    34.73    34.89    34.83
    34.83    34.67    34.50    34.08    33.82    33.66    33.68    33.72    33.89    34.26
    34.66    34.85    34.84    34.81    34.81    34.83    34.94    34.94    34.98    34.61
    29.67    29.69    30.21    30.29    30.29    30.40    30.39    30.38    30.66    30.78
    30.90    31.26    31.30    31.32    31.82    32.31    32.69    32.81    32.81    32.73
    32.51    32.56    32.75    33.07    33.21    33.21    34.54    34.56    34.72    34.70
    34.23    33.95    34.26    34.81    35.12    35.13    34.99    33.85    33.76    32.77
    32.64    32.09    32.10    32.21    32.26    32.44    32.66    32.77    32.98    33.20
    33.45    33.66    33.75    33.76    33.79    33.61    33.54    33.49    33.51    33.53
    33.54    33.53    33.48    33.45    33.36    33.24    33.21    33.09    33.01    32.97
    32.92    32.90    32.90    32.94    32.94    33.26    33.79    33.84    34.45    34.48
    34.73    34.89    34.89    34.97    34.96    34.38    33.82    33.37    33.36    33.36
    33.37    33.69    33.70    34.17    34.37    34.33    34.19    34.18    34.22    34.24
    34.19    33.90    33.89    33.64    33.63    33.63    33.55    33.59    33.67    33.65
    33.67    33.67    33.44    33.19    33.19    33.19    33.07    33.07    33.08    33.08
    33.08    33.08    33.12    33.12    33.12    33.12    33.16    33.16    33.16    33.17
    33.17    32.88    32.88    32.84    32.84    33.03    33.20    33.20    33.20    33.20
    33.25    33.25    33.24    33.24    33.20    33.17    33.15    33.15    33.15    33.15
    33.15    33.13    33.16    33.16    33.16    33.19    33.19    33.26    33.35    33.40
    33.49    33.66    33.84    33.84    33.84    34.06    34.07    34.07    34.06    34.06
    33.85    33.64    33.67    34.05    34.06    34.45    34.66    34.66    34.53    34.32
    34.32    34.07    34.07    33.83    33.83    33.83    33.91    33.92    33.93    34.11
    33.90    33.89    33.84    33.84    33.77    33.96    33.97    33.99    33.98    33.98
    33.61    33.26    32.96    32.81    32.81    32.72    32.72    32.69    32.69    32.72
    32.77    32.77    32.77    32.77    32.76    32.76    32.68    32.56    32.46    32.46
    32.39    32.39    32.37    32.41    32.41    32.47    32.47    32.51    32.51    32.43
    32.42    32.34    32.33    32.31    32.33    32.34    32.39    32.40    32.47    32.49
    32.59    32.66    32.70    32.71    32.72    32.72    32.71    32.72    32.74    32.82
    32.98    33.07    33.24    33.52    34.08    34.58    34.68    34.69    34.62    34.61
    34.70    34.81    34.94    35.16    35.29    35.33    35.54    35.91    36.19    60
1    CS     16         liaojiawan
79    1.75 	47.92 
35.02	400	.00	.0	0
    -3.60    -0.10     7.00    11.60    19.30    21.20    41.00    73.00    75.00    81.00
   123.00   148.00   172.00   196.00   231.00   261.00   280.00   305.00   342.00   344.00
   346.00   363.00   387.00   394.00   397.00   420.00   428.00   443.00   450.00   468.00
   474.00   485.00   498.00   527.00   541.00   552.00   560.00   574.00   589.00   602.00
   610.00   618.00   632.00   646.00   660.00   674.00   679.00   684.00   698.00   705.00
   711.00   716.00   720.00   727.00   733.00   740.00   744.00   750.00   755.00   769.00
   777.00   781.00   800.00   807.00   813.00   827.00   856.00   877.00   888.00   896.00
   901.00   916.00   930.00   934.00  1009.00  1034.00  1046.00  1050.00  1086.00
    60    45.75    45.86    44.78    42.36    41.06    39.60    39.86    39.27    36.76
    36.25    33.35    32.05    30.65    30.85    32.14    31.94    30.25    31.05    31.15
    30.35    31.44    32.13    32.08    33.39    32.39    33.69    32.35    32.45    32.44
    32.53    32.70    32.21    33.02    31.77    32.97    33.46    31.51    31.73    30.25
    31.28    32.77    31.57    29.65    29.85    31.79    32.80    32.20    31.51    31.25
    31.44    31.54    31.99    32.27    32.47    32.73    32.65    32.95    33.45    33.39
    33.38    33.26    33.59    32.83    32.86    32.55    32.85    32.75    33.85    36.25
    38.14    38.91    40.49    41.44    42.30    43.06    43.83    45.03    60
1    CS     17         1-2
332    0.65 	48.57 
32.19	400	.00	.0	0
     0.00     2.00     4.00     6.00     8.00    10.00    12.00    14.00    16.00    18.00
    20.00    22.00    24.00    26.00    28.00    30.00    32.00    34.00    36.00    38.00
    40.00    42.00    44.00    46.00    48.00    50.00    52.00    54.00    56.00    58.00
    60.00    62.00    64.00    66.00    68.00    70.00    72.00    74.00    76.00    78.00
    80.00    82.00    84.00    86.00    88.00    90.00    92.00    94.00    96.00    98.00
   100.00   102.00   104.00   106.00   108.00   110.00   112.00   114.00   116.00   118.00
   120.00   122.00   124.00   126.00   128.00   130.00   132.00   134.00   136.00   138.00
   140.00   142.00   144.00   146.00   148.00   150.00   152.00   154.00   156.00   158.00
   160.00   162.00   164.00   166.00   168.00   170.00   172.00   174.00   176.00   178.00
   180.00   182.00   184.00   186.00   188.00   190.00   192.00   194.00   196.00   198.00
   200.00   202.00   204.00   206.00   208.00   210.00   212.00   214.00   216.00   218.00
   220.00   222.00   224.00   226.00   228.00   230.00   232.00   234.00   236.00   238.00
   240.00   242.00   244.00   246.00   248.00   250.00   252.00   254.00   256.00   258.00
   260.00   262.00   264.00   266.00   268.00   270.00   272.00   274.00   276.00   278.00
   280.00   282.00   284.00   286.00   288.00   290.00   292.00   294.00   296.00   298.00
   300.00   302.00   304.00   306.00   308.00   310.00   312.00   314.00   316.00   318.00
   320.00   322.00   324.00   326.00   328.00   330.00   332.00   334.00   336.00   338.00
   340.00   342.00   344.00   346.00   348.00   350.00   352.00   354.00   356.00   358.00
   360.00   362.00   364.00   366.00   368.00   370.00   372.00   374.00   376.00   378.00
   380.00   382.00   384.00   386.00   388.00   390.00   392.00   394.00   396.00   398.00
   400.00   402.00   404.00   406.00   408.00   410.00   412.00   414.00   416.00   418.00
   420.00   422.00   424.00   426.00   428.00   430.00   432.00   434.00   436.00   438.00
   440.00   442.00   444.00   446.00   448.00   450.00   452.00   454.00   456.00   458.00
   460.00   462.00   464.00   466.00   468.00   470.00   472.00   474.00   476.00   478.00
   480.00   482.00   484.00   486.00   488.00   490.00   492.00   494.00   496.00   498.00
   500.00   502.00   504.00   506.00   508.00   510.00   512.00   514.00   516.00   518.00
   520.00   522.00   524.00   526.00   528.00   530.00   532.00   534.00   536.00   538.00
   540.00   542.00   544.00   546.00   548.00   550.00   552.00   554.00   556.00   558.00
   560.00   562.00   564.00   566.00   568.00   570.00   572.00   574.00   576.00   578.00
   580.00   582.00   584.00   586.00   588.00   590.00   592.00   594.00   596.00   598.00
   600.00   602.00   604.00   606.00   608.00   610.00   612.00   614.00   616.00   618.00
   620.00   622.00   624.00   626.00   628.00   630.00   632.00   634.00   636.00   638.00
   640.00   642.00   644.00   646.00   648.00   650.00   652.00   654.00   656.00   658.00
   660.00   661.75
    60    36.14    35.71    35.02    34.34    33.31    33.34    33.38    33.30    33.12
    32.73    32.40    32.39    34.00    34.04    33.49    33.40    33.11    32.73    33.09
    33.23    33.31    33.35    33.27    33.76    33.76    34.04    34.37    34.39    34.40
    34.42    34.31    34.28    33.86    33.23    33.20    33.20    33.21    33.23    33.23
    33.24    33.27    33.27    33.29    33.29    33.24    33.18    33.12    33.10    33.10
    33.10    33.10    33.00    33.00    32.99    33.08    32.96    33.24    33.45    33.04
    32.80    32.80    32.99    34.01    34.71    34.44    34.43    34.09    34.08    34.08
    33.41    33.40    32.84    32.83    32.28    32.06    31.98    32.17    32.17    32.26
    32.26    32.57    32.40    32.12    32.18    32.15    32.16    32.16    32.29    32.29
    32.49    32.49    32.54    32.32    32.06    32.06    32.15    32.51    32.44    32.44
    32.31    32.32    32.32    32.44    32.44    32.44    32.44    32.67    32.67    32.68
    32.68    32.54    32.54    32.54    32.77    32.77    32.77    32.51    32.51    32.51
    32.22    32.22    32.22    31.89    32.03    31.89    32.02    32.02    31.41    31.13
    31.13    30.89    30.89    30.89    30.81    30.81    30.81    30.75    30.94    30.94
    30.94    31.10    31.10    31.11    31.39    31.39    31.85    32.17    32.17    32.31
    32.31    32.31    32.32    32.39    32.39    31.92    31.92    31.91    31.37    31.36
    31.36    31.36    31.59    31.93    31.93    31.78    31.77    31.94    31.94    31.94
    31.76    31.37    31.36    31.35    30.57    30.57    30.57    30.57    30.31    30.59
    30.77    31.19    31.56    31.67    31.99    32.21    32.21    32.46    32.11    32.11
    31.85    31.99    32.00    32.00    32.00    32.14    32.14    32.23    32.22    32.40
    32.40    32.40    32.41    32.62    32.66    32.25    32.20    32.19    32.01    32.01
    32.08    32.08    32.09    32.09    32.16    31.97    31.97    31.67    31.67    31.66
    31.32    31.22    31.22    31.50    31.51    32.15    32.48    31.47    30.32    30.32
    30.31    30.75    30.76    30.77    30.78    31.25    31.49    31.49    31.32    31.32
    31.10    31.09    31.03    31.03    31.04    31.04    31.11    31.11    31.44    31.44
    31.62    31.75    31.75    31.76    31.76    31.83    31.89    32.05    32.05    31.68
    31.68    31.68    31.67    31.71    31.27    31.05    31.05    30.98    30.98    30.99
    30.99    30.99    30.93    30.72    30.72    30.91    30.91    31.01    31.01    30.82
    30.47    30.46    30.45    30.37    30.14    30.14    30.14    30.52    30.62    30.61
    30.27    29.70    29.69    29.66    29.64    29.50    30.01    30.70    31.43    31.45
    31.96    31.70    31.67    31.07    30.43    30.42    30.25    30.22    30.21    30.09
    30.09    30.06    30.13    30.16    30.59    31.12    31.22    31.72    31.93    31.89
    31.68    31.61    31.62    31.82    31.94    32.16    32.36    32.59    32.94    34.28
    35.85    60
1    CS     18         1-3
131    1.59 	50.16 
32.75	400	.00	.0	0
     0.00     2.00     4.00     6.00     8.00    10.00    12.00    14.00    16.00    18.00
    20.00    22.00    24.00    26.00    28.00    30.00    32.00    34.00    36.00    38.00
    40.00    42.00    44.00    46.00    48.00    50.00    52.00    54.00    56.00    58.00
    60.00    62.00    64.00    66.00    68.00    70.00    72.00    74.00    76.00    78.00
    80.00    82.00    84.00    86.00    88.00    90.00    92.00    94.00    96.00    98.00
   100.00   102.00   104.00   106.00   108.00   110.00   112.00   114.00   116.00   118.00
   120.00   122.00   124.00   126.00   128.00   130.00   132.00   134.00   136.00   138.00
   140.00   142.00   144.00   146.00   148.00   150.00   152.00   154.00   156.00   158.00
   160.00   162.00   164.00   166.00   168.00   170.00   172.00   174.00   176.00   178.00
   180.00   182.00   184.00   186.00   188.00   190.00   192.00   194.00   196.00   198.00
   200.00   202.00   204.00   206.00   208.00   210.00   212.00   214.00   216.00   218.00
   220.00   222.00   224.00   226.00   228.00   230.00   232.00   234.00   236.00   238.00
   240.00   242.00   244.00   246.00   248.00   250.00   252.00   254.00   256.00   258.00
   258.92
    60    36.14    35.73    35.06    34.42    33.73    33.73    33.74    33.75    33.69
    33.65    33.75    33.68    33.62    33.66    33.65    33.67    33.67    33.67    33.63
    33.62    33.58    33.54    33.53    33.39    33.19    33.17    33.04    32.98    32.97
    32.96    32.96    32.96    32.86    31.85    31.82    31.48    31.26    31.26    31.17
    31.04    30.89    30.87    30.74    30.72    30.59    30.46    30.38    30.38    30.57
    30.68    30.92    31.17    31.44    31.70    31.87    31.99    32.06    32.06    32.05
    32.02    32.02    32.02    31.95    31.85    31.77    31.72    31.73    31.81    31.86
    31.94    31.98    32.00    32.02    32.00    31.99    31.98    31.98    31.98    31.96
    31.95    31.94    31.93    31.92    31.93    31.97    32.01    32.06    32.12    32.16
    32.17    32.12    32.08    32.06    32.06    32.02    31.90    31.82    31.77    31.86
    31.88    31.78    31.87    31.96    32.28    32.27    32.18    32.10    31.96    31.76
    31.52    31.74    31.78    31.81    31.90    31.98    32.02    32.05    32.14    32.51
    32.40    32.34    32.19    31.87    31.85    31.85    32.41    33.69    35.33    36.19
    60
1    CS     19         1-4
118    2.19 	52.35 
32.85	400	.00	.0	0
     0.00     2.00     4.00     6.00     8.00    10.00    12.00    14.00    16.00    18.00
    20.00    22.00    24.00    26.00    28.00    30.00    32.00    34.00    36.00    38.00
    40.00    42.00    44.00    46.00    48.00    50.00    52.00    54.00    56.00    58.00
    60.00    62.00    64.00    66.00    68.00    70.00    72.00    74.00    76.00    78.00
    80.00    82.00    84.00    86.00    88.00    90.00    92.00    94.00    96.00    98.00
   100.00   102.00   104.00   106.00   108.00   110.00   112.00   114.00   116.00   118.00
   120.00   122.00   124.00   126.00   128.00   130.00   132.00   134.00   136.00   138.00
   140.00   142.00   144.00   146.00   148.00   150.00   152.00   154.00   156.00   158.00
   160.00   162.00   164.00   166.00   168.00   170.00   172.00   174.00   176.00   178.00
   180.00   182.00   184.00   186.00   188.00   190.00   192.00   194.00   196.00   198.00
   200.00   202.00   204.00   206.00   208.00   210.00   212.00   214.00   216.00   218.00
   220.00   222.00   224.00   226.00   228.00   230.00   232.00   233.96
   60   36.13    35.68    34.92    34.13    33.09    33.10    33.12    33.11    33.03
    32.96    32.94    32.89    32.91    32.88    32.83    32.77    32.61    32.49    32.45
    32.38    32.33    32.28    32.21    32.19    32.11    32.09    32.06    32.01    31.93
    31.84    31.82    31.81    31.79    31.81    31.81    31.81    31.82    31.81    31.81
    31.81    31.82    31.83    31.83    31.84    31.85    31.86    31.87    31.91    31.92
    31.90    31.89    31.81    31.76    31.71    31.68    31.65    31.64    31.64    31.65
    31.65    31.65    31.64    31.61    31.58    31.61    31.64    31.63    31.59    31.57
    31.56    31.56    31.60    31.65    31.68    31.70    31.68    31.64    31.61    31.59
    31.59    31.59    31.60    31.67    31.70    31.73    31.73    31.67    31.71    31.73
    31.77    31.75    31.75    31.77    31.78    31.76    31.87    31.92    32.10    32.27
    32.43    32.47    32.64    32.83    33.08    33.39    33.47    33.91    34.35    34.60
    34.70    34.71    34.80    34.78    34.80    35.60    36.10    60
1    CS     20         2-3
231    1.57 	53.92 
34.05	400	.00	.0	0
     0.00     2.00     4.00     6.00     8.00    10.00    12.00    14.00    16.00    18.00
    20.00    22.00    24.00    26.00    28.00    30.00    32.00    34.00    36.00    38.00
    40.00    42.00    44.00    46.00    48.00    50.00    52.00    54.00    56.00    58.00
    60.00    62.00    64.00    66.00    68.00    70.00    72.00    74.00    76.00    78.00
    80.00    82.00    84.00    86.00    88.00    90.00    92.00    94.00    96.00    98.00
   100.00   102.00   104.00   106.00   108.00   110.00   112.00   114.00   116.00   118.00
   120.00   122.00   124.00   126.00   128.00   130.00   132.00   134.00   136.00   138.00
   140.00   142.00   144.00   146.00   148.00   150.00   152.00   154.00   156.00   158.00
   160.00   162.00   164.00   166.00   168.00   170.00   172.00   174.00   176.00   178.00
   180.00   182.00   184.00   186.00   188.00   190.00   192.00   194.00   196.00   198.00
   200.00   202.00   204.00   206.00   208.00   210.00   212.00   214.00   216.00   218.00
   220.00   222.00   224.00   226.00   228.00   230.00   232.00   234.00   236.00   238.00
   240.00   242.00   244.00   246.00   248.00   250.00   252.00   254.00   256.00   258.00
   260.00   262.00   264.00   266.00   268.00   270.00   272.00   274.00   276.00   278.00
   280.00   282.00   284.00   286.00   288.00   290.00   292.00   294.00   296.00   298.00
   300.00   302.00   304.00   306.00   308.00   310.00   312.00   314.00   316.00   318.00
   320.00   322.00   324.00   326.00   328.00   330.00   332.00   334.00   336.00   338.00
   340.00   342.00   344.00   346.00   348.00   350.00   352.00   354.00   356.00   358.00
   360.00   362.00   364.00   366.00   368.00   370.00   372.00   374.00   376.00   378.00
   380.00   382.00   384.00   386.00   388.00   390.00   392.00   394.00   396.00   398.00
   400.00   402.00   404.00   406.00   408.00   410.00   412.00   414.00   416.00   418.00
   420.00   422.00   424.00   426.00   428.00   430.00   432.00   434.00   436.00   438.00
   440.00   442.00   444.00   446.00   448.00   450.00   452.00   454.00   456.00   458.00
   458.73
    60    36.15    35.99    35.72    35.45    35.14    35.13    35.12    35.12    35.14
    35.14    35.15    35.15    32.10    32.09    31.88    31.79    31.73    31.77    31.77
    31.79    31.78    31.73    31.72    31.69    31.66    31.59    31.57    31.47    31.41
    31.39    31.41    31.42    31.45    31.47    31.51    31.54    31.47    31.44    31.48
    31.61    31.68    31.83    31.89    31.94    31.96    31.91    31.88    31.84    31.85
    31.89    32.01    32.11    32.19    32.23    32.27    32.26    32.24    32.22    32.17
    32.15    32.19    32.26    32.31    32.35    32.37    32.35    32.36    32.41    32.49
    32.54    32.61    32.75    32.88    33.01    33.15    33.19    33.30    33.37    33.46
    33.55    33.58    33.74    33.87    33.99    34.00    34.12    34.21    34.28    34.24
    34.19    34.18    34.09    34.05    34.05    34.06    34.11    34.15    34.15    34.16
    34.16    34.16    34.03    34.00    34.05    34.09    34.11    34.13    34.13    34.16
    34.16    34.17    33.94    33.65    33.62    33.60    33.54    33.58    33.85    34.02
    34.01    33.99    33.97    33.97    33.97    33.99    34.32    34.92    35.75    36.18
    36.15    35.99    35.81    35.67    35.56    35.54    35.46    35.40    35.36    35.34
    35.31    35.28    35.26    35.24    35.23    35.22    35.21    35.20    35.19    35.69
    35.72    35.59    35.01    35.02    35.03    35.04    35.04    35.06    35.07    35.08
    35.10    35.12    35.14    35.17    35.21    35.25    35.32    35.42    35.56    35.79
    36.12    35.91    34.54    34.24    34.22    34.08    34.09    34.14    34.23    34.26
    34.31    34.45    34.51    34.31    34.08    33.78    33.65    33.68    33.76    33.80
    33.83    33.83    33.85    33.88    33.94    33.98    34.00    34.01    34.02    34.01
    34.01    34.00    34.00    34.00    34.02    34.02    34.02    33.99    33.98    33.93
    33.84    33.73    33.67    33.56    33.47    33.47    33.51    33.72    33.89    34.09
    34.21    34.42    34.71    35.10    35.21    35.21    35.37    35.66    36.02    36.19
    60
1    CS     21         2-2
271    1.30 	55.22 
33.56	400	.00	.0	0
     0.00     2.00     4.00     6.00     8.00    10.00    12.00    14.00    16.00    18.00
    20.00    22.00    24.00    26.00    28.00    30.00    32.00    34.00    36.00    38.00
    40.00    42.00    44.00    46.00    48.00    50.00    52.00    54.00    56.00    58.00
    60.00    62.00    64.00    66.00    68.00    70.00    72.00    74.00    76.00    78.00
    80.00    82.00    84.00    86.00    88.00    90.00    92.00    94.00    96.00    98.00
   100.00   102.00   104.00   106.00   108.00   110.00   112.00   114.00   116.00   118.00
   120.00   122.00   124.00   126.00   128.00   130.00   132.00   134.00   136.00   138.00
   140.00   142.00   144.00   146.00   148.00   150.00   152.00   154.00   156.00   158.00
   160.00   162.00   164.00   166.00   168.00   170.00   172.00   174.00   176.00   178.00
   180.00   182.00   184.00   186.00   188.00   190.00   192.00   194.00   196.00   198.00
   200.00   202.00   204.00   206.00   208.00   210.00   212.00   214.00   216.00   218.00
   220.00   222.00   224.00   226.00   228.00   230.00   232.00   234.00   236.00   238.00
   240.00   242.00   244.00   246.00   248.00   250.00   252.00   254.00   256.00   258.00
   260.00   262.00   264.00   266.00   268.00   270.00   272.00   274.00   276.00   278.00
   280.00   282.00   284.00   286.00   288.00   290.00   292.00   294.00   296.00   298.00
   300.00   302.00   304.00   306.00   308.00   310.00   312.00   314.00   316.00   318.00
   320.00   322.00   324.00   326.00   328.00   330.00   332.00   334.00   336.00   338.00
   340.00   342.00   344.00   346.00   348.00   350.00   352.00   354.00   356.00   358.00
   360.00   362.00   364.00   366.00   368.00   370.00   372.00   374.00   376.00   378.00
   380.00   382.00   384.00   386.00   388.00   390.00   392.00   394.00   396.00   398.00
   400.00   402.00   404.00   406.00   408.00   410.00   412.00   414.00   416.00   418.00
   420.00   422.00   424.00   426.00   428.00   430.00   432.00   434.00   436.00   438.00
   440.00   442.00   444.00   446.00   448.00   450.00   452.00   454.00   456.00   458.00
   460.00   462.00   464.00   466.00   468.00   470.00   472.00   474.00   476.00   478.00
   480.00   482.00   484.00   486.00   488.00   490.00   492.00   494.00   496.00   498.00
   500.00   502.00   504.00   506.00   508.00   510.00   512.00   514.00   516.00   518.00
   520.00   522.00   524.00   526.00   528.00   530.00   532.00   534.00   536.00   538.00
   538.06
    60    36.14    35.94    35.60    35.21    34.83    34.53    33.81    33.90    33.91
    34.13    34.55    34.98    35.02    35.26    35.32    35.31    35.30    35.29    35.28
    35.29    35.31    35.32    35.32    35.29    35.30    35.23    35.19    35.17    35.15
    35.13    35.13    35.12    35.04    34.91    34.73    34.46    34.18    33.96    33.89
    33.91    33.92    33.96    33.95    33.90    33.85    33.84    33.85    33.90    33.95
    33.98    33.99    33.96    33.91    33.87    33.87    33.82    33.75    33.68    33.63
    33.62    33.58    33.55    33.57    33.60    33.70    33.78    33.86    33.88    33.73
    33.54    33.39    33.37    33.27    33.16    33.14    33.08    33.06    33.08    33.09
    33.18    33.31    33.45    33.52    33.53    33.61    33.74    33.78    33.88    33.97
    34.05    34.11    34.13    34.14    34.10    33.96    33.98    33.99    33.99    33.94
    33.88    34.43    35.83    36.17    35.80    35.39    35.11    34.90    34.78    34.71
    34.67    34.65    34.64    34.64    34.84    35.39    35.41    35.45    35.50    35.52
    35.61    35.76    35.97    36.19    35.82    34.83    34.60    34.59    34.61    34.62
    34.41    34.27    34.24    34.29    34.29    34.37    34.46    34.46    34.55    34.55
    34.58    34.64    34.70    34.78    34.86    34.92    34.92    34.94    34.95    34.94
    34.93    34.93    34.93    34.92    34.91    34.91    34.93    34.93    34.73    34.21
    34.10    33.46    32.87    32.82    32.32    31.94    31.59    31.42    31.41    31.37
    31.44    31.47    31.68    31.89    31.95    32.16    32.24    32.26    32.30    32.28
    32.16    32.13    32.00    31.89    31.89    31.89    31.89    31.90    31.87    31.86
    31.82    31.79    31.78    31.77    31.78    31.79    31.77    31.77    31.72    31.67
    31.67    31.64    31.62    31.62    31.59    31.53    31.49    31.39    31.29    31.26
    31.15    31.05    30.95    30.93    30.86    30.80    30.79    30.72    30.64    30.57
    30.55    30.54    30.55    30.56    30.58    30.58    30.57    30.53    30.48    30.45
    30.45    30.47    30.46    30.45    30.35    30.20    30.15    30.16    30.42    30.86
    31.04    31.22    31.14    31.08    30.82    30.68    30.66    30.81    31.14    31.39
    31.74    32.16    32.35    32.57    32.65    32.70    32.76    32.94    33.16    33.24
    33.36    33.71    33.83    34.00    34.23    34.17    34.65    35.37    36.01    36.20
    60
1    CS     22         2-1
194    1.16 	56.38 
32.06	400	.00	.0	0
     0.00     2.00     4.00     6.00     8.00    10.00    12.00    14.00    16.00    18.00
    20.00    22.00    24.00    26.00    28.00    30.00    32.00    34.00    36.00    38.00
    40.00    42.00    44.00    46.00    48.00    50.00    52.00    54.00    56.00    58.00
    60.00    62.00    64.00    66.00    68.00    70.00    72.00    74.00    76.00    78.00
    80.00    82.00    84.00    86.00    88.00    90.00    92.00    94.00    96.00    98.00
   100.00   102.00   104.00   106.00   108.00   110.00   112.00   114.00   116.00   118.00
   120.00   122.00   124.00   126.00   128.00   130.00   132.00   134.00   136.00   138.00
   140.00   142.00   144.00   146.00   148.00   150.00   152.00   154.00   156.00   158.00
   160.00   162.00   164.00   166.00   168.00   170.00   172.00   174.00   176.00   178.00
   180.00   182.00   184.00   186.00   188.00   190.00   192.00   194.00   196.00   198.00
   200.00   202.00   204.00   206.00   208.00   210.00   212.00   214.00   216.00   218.00
   220.00   222.00   224.00   226.00   228.00   230.00   232.00   234.00   236.00   238.00
   240.00   242.00   244.00   246.00   248.00   250.00   252.00   254.00   256.00   258.00
   260.00   262.00   264.00   266.00   268.00   270.00   272.00   274.00   276.00   278.00
   280.00   282.00   284.00   286.00   288.00   290.00   292.00   294.00   296.00   298.00
   300.00   302.00   304.00   306.00   308.00   310.00   312.00   314.00   316.00   318.00
   320.00   322.00   324.00   326.00   328.00   330.00   332.00   334.00   336.00   338.00
   340.00   342.00   344.00   346.00   348.00   350.00   352.00   354.00   356.00   358.00
   360.00   362.00   364.00   366.00   368.00   370.00   372.00   374.00   376.00   378.00
   380.00   382.00   384.00   385.86
    60    35.66    34.88    34.88    34.83    34.23    33.28    33.04    32.53    32.24
    32.09    31.85    31.69    31.43    31.06    30.70    30.59    30.64    30.83    31.33
    31.38    31.45    31.41    31.28    31.23    31.44    31.83    32.09    32.18    32.27
    32.32    32.33    32.41    32.44    32.79    32.84    32.90    33.07    33.30    33.39
    33.43    33.44    33.44    33.44    33.47    33.48    33.52    33.59    33.61    33.72
    33.87    34.21    34.64    34.75    34.95    34.87    34.46    33.55    32.97    32.96
    32.77    32.34    32.18    31.26    30.44    29.55    29.40    28.83    28.46    28.47
    28.79    28.87    29.27    29.74    30.09    30.14    30.36    30.50    30.63    30.64
    30.73    30.85    30.92    30.97    30.97    30.99    30.99    30.76    30.56    30.41
    30.47    30.51    30.72    30.96    31.30    31.52    31.65    31.66    31.79    31.99
    32.21    32.49    32.69    32.85    32.86    33.03    33.28    33.50    33.69    33.77
    33.70    33.27    32.65    32.53    32.22    32.15    32.23    32.28    32.28    32.21
    32.10    32.05    32.02    31.92    31.81    31.71    31.68    31.65    31.57    31.48
    31.44    31.42    31.40    31.37    31.36    31.33    31.28    31.24    31.20    31.16
    31.08    31.00    30.87    30.86    30.83    30.81    30.81    30.79    30.77    30.79
    30.86    30.87    30.95    30.96    31.06    31.16    31.14    31.10    31.08    31.08
    31.10    31.12    31.12    31.11    31.08    31.04    31.00    30.99    30.93    30.92
    30.88    30.88    30.95    31.09    31.14    31.24    31.35    31.44    31.48    31.54
    31.59    31.60    31.60    31.54    31.34    30.75    30.26    30.01    29.99    29.97
    31.49    33.74    35.69    60
1    CS     23         linshuihuirudian
75    1.57 	57.95 
31.03	400	.00	.0	0
	0.00 	10.00 	20.00 	30.00 	40.00 	50.00 	60.00 	70.00 	80.00 	90.00 	
	100.00 	110.00 	120.00 	130.00 	140.00 	150.00 	160.00 	170.00 	180.00 	190.00 	
	200.00 	210.00 	220.00 	230.00 	240.00 	250.00 	260.00 	270.00 	280.00 	290.00 	
	300.00 	310.00 	320.00 	330.00 	340.00 	350.00 	360.00 	370.00 	380.00 	390.00 	
	400.00 	410.00 	420.00 	430.00 	440.00 	450.00 	460.00 	470.00 	480.00 	490.00 	
	500.00 	510.00 	520.00 	530.00 	540.00 	550.00 	560.00 	570.00 	580.00 	590.00 	
	600.00 	610.00 	620.00 	630.00 	640.00 	650.00 	660.00 	670.00 	680.00 	690.00 	
	700.00 	710.00 	720.00 	730.00 	734.75 
	60 	32.01 	32.06 	32.06 	30.63 	31.85 	32.06 	25.72 	25.72 	26.62 	
	27.23 	28.97 	29.21 	30.07 	30.07 	31.33 	32.43 	29.37 	29.13 	29.13 	
	30.37 	30.56 	30.48 	30.11 	30.11 	29.72 	30.13 	31.94 	31.51 	30.27 	
	30.27 	31.45 	31.28 	30.59 	30.64 	30.64 	30.05 	29.91 	29.96 	30.02 	
	30.02 	29.85 	30.12 	30.02 	30.00 	30.00 	30.05 	30.42 	31.12 	30.86 	
	31.60 	31.60 	31.44 	30.83 	30.92 	30.99 	30.99 	30.56 	29.47 	29.53 	
	29.52 	29.52 	29.06 	29.16 	29.10 	29.00 	29.31 	29.31 	29.47 	29.79 	
	31.76 	31.90 	31.90 	32.68 	60
1    CS     24         m-13
63    2.42 	60.37 
30.81	400	.00	.0	0
	0.00 	10.00 	20.00 	30.00 	40.00 	50.00 	60.00 	70.00 	80.00 	90.00 	
	100.00 	110.00 	120.00 	130.00 	140.00 	150.00 	160.00 	170.00 	180.00 	190.00 	
	200.00 	210.00 	220.00 	230.00 	240.00 	250.00 	260.00 	270.00 	280.00 	290.00 	
	300.00 	310.00 	320.00 	330.00 	340.00 	350.00 	360.00 	370.00 	380.00 	390.00 	
	400.00 	410.00 	420.00 	430.00 	440.00 	450.00 	460.00 	470.00 	480.00 	490.00 	
	500.00 	510.00 	520.00 	530.00 	540.00 	550.00 	560.00 	570.00 	580.00 	590.00 	
	600.00 	610.00 	620.00 
	60 	35.59 	31.09 	31.13 	29.95 	30.96 	31.13 	25.93 	26.67 	27.17 	
	28.59 	28.79 	29.50 	30.52 	31.43 	28.92 	28.72 	29.74 	29.90 	29.83 	
	29.53 	29.20 	29.55 	31.03 	30.67 	29.66 	30.62 	30.48 	29.92 	29.96 	
	29.48 	29.36 	29.40 	29.46 	29.31 	29.54 	29.46 	29.43 	29.48 	29.78 	
	30.35 	30.14 	30.74 	30.61 	30.12 	30.19 	30.25 	29.90 	29.00 	29.05 	
	29.04 	28.67 	28.75 	28.70 	28.62 	28.87 	29.00 	29.26 	30.87 	31.00 	
	31.63 	35.59 	60
1    CS     25         m-14
45    2.27 	62.64 
30.65	400	.00	.0	0
	0.00 	10.00 	20.00 	30.00 	40.00 	50.00 	60.00 	70.00 	80.00 	90.00 	
	100.00 	110.00 	120.00 	130.00 	140.00 	150.00 	160.00 	170.00 	180.00 	190.00 	
	200.00 	210.00 	220.00 	230.00 	240.00 	250.00 	260.00 	270.00 	280.00 	290.00 	
	300.00 	310.00 	320.00 	330.00 	340.00 	350.00 	360.00 	370.00 	380.00 	390.00 	
	400.00 	410.00 	420.00 	430.00 	440.00 
	60 	33.22 	30.13 	29.34 	30.04 	26.58 	27.09 	28.41 	28.55 	29.03 	
	30.36 	28.64 	29.20 	29.31 	29.05 	28.83 	29.07 	29.84 	29.14 	29.71 	
	29.32 	29.02 	28.94 	28.97 	28.91 	29.06 	28.99 	29.02 	29.62 	29.48 	
	29.89 	29.46 	29.51 	29.31 	28.69 	28.72 	28.47 	28.52 	28.43 	28.60 	
	28.87 	29.98 	30.50 	33.22 	60
1    CS     26         m-15
67    1.93 	64.57 
28.99	400	.00	.0	0
	0.00 	10.00 	20.00 	30.00 	40.00 	50.00 	60.00 	70.00 	80.00 	90.00 	
	100.00 	110.00 	120.00 	130.00 	140.00 	150.00 	160.00 	170.00 	180.00 	190.00 	
	200.00 	210.00 	220.00 	230.00 	240.00 	250.00 	260.00 	270.00 	280.00 	290.00 	
	300.00 	310.00 	320.00 	330.00 	340.00 	350.00 	360.00 	370.00 	380.00 	390.00 	
	400.00 	410.00 	420.00 	430.00 	440.00 	450.00 	460.00 	470.00 	480.00 	490.00 	
	500.00 	510.00 	520.00 	530.00 	540.00 	550.00 	560.00 	570.00 	580.00 	590.00 	
	600.00 	610.00 	620.00 	630.00 	640.00 	650.00 	660.00 
	60 	34.15 	29.39 	29.43 	28.19 	29.25 	29.43 	23.94 	24.72 	25.25 	
	25.25 	26.75 	26.97 	27.71 	28.80 	29.75 	27.10 	26.89 	27.97 	28.14 	
	28.06 	27.74 	27.40 	27.76 	29.33 	28.96 	28.96 	27.88 	28.90 	28.75 	
	28.16 	28.20 	27.69 	27.57 	27.61 	27.67 	27.52 	27.75 	27.67 	27.65 	
	27.69 	28.01 	28.01 	28.61 	28.39 	29.03 	28.89 	28.37 	28.44 	28.51 	
	28.14 	27.19 	27.24 	27.23 	26.84 	26.92 	26.87 	26.78 	26.78 	27.05 	
	27.19 	27.47 	29.17 	29.30 	29.97 	34.15 	60
1    CS     27         m-16
58    3.31 	67.88 
28.57	400	.00	.0	0
	0.00 	10.00 	20.00 	30.00 	40.00 	50.00 	60.00 	70.00 	80.00 	90.00 	
	100.00 	110.00 	120.00 	130.00 	140.00 	150.00 	160.00 	170.00 	180.00 	190.00 
	200.00 	210.00 	220.00 	230.00 	240.00 	250.00 	260.00 	270.00 	280.00  290.00 	
	300.00 	310.00 	320.00 	330.00 	340.00 	350.00 	360.00 	370.00  380.00 	390.00 	
	400.00 	410.00 	420.00 	430.00 	440.00 	450.00 	460.00 	470.00 	480.00 	490.00 	
	500.00 	510.00 	520.00 	530.00 	540.00 	550.00 	560.00 	570.00 
	60 	32.57 	28.49 	28.52 	27.45 	28.37 	28.52 	24.48 	24.93 	26.22 	
	26.40 	27.04 	27.97 	28.80 	26.52 	26.34 	27.26 	27.41 	27.07 	26.78 	
	27.09 	28.43 	28.11 	27.19 	28.07 	27.94 	27.43 	27.46 	27.03 	26.96 	
	27.01 	26.88 	27.08 	27.01 	26.99 	27.03 	27.30 	27.82 	27.63 	28.18 	
	27.61 	27.67 	27.73 	27.41 	26.60 	26.64 	26.63 	26.30 	26.37 	26.32 	
	26.25 	26.60 	26.83 	28.29 	28.40 	28.98 	32.57 	60
1    CS     28         m-17
73    2.28 	70.15 
26.98	400	.00	.0	0
	0.00 	10.00 	20.00 	30.00 	40.00 	50.00 	60.00 	70.00 	80.00 	90.00 	
	100.00 	110.00 	120.00 	130.00 	140.00 	150.00 	160.00 	170.00 	180.00 	190.00 	
	200.00 	210.00 	220.00 	230.00 	240.00 	250.00 	260.00 	270.00 	280.00 	290.00 	
	300.00 	310.00 	320.00 	330.00 	340.00 	350.00 	360.00 	370.00 	380.00 	390.00 	
	400.00 	410.00 	420.00 	430.00 	440.00 	450.00 	460.00 	470.00 	480.00 	490.00 	
	500.00 	510.00 	520.00 	530.00 	540.00 	550.00 	560.00 	570.00 	580.00 	590.00 	
	600.00 	610.00 	620.00 	630.00 	640.00 	650.00 	660.00 	670.00 	680.00 	690.00 	
	700.00 	710.00 	713.21 
	60 	27.72 	27.77 	26.37 	26.37 	27.57 	27.77 	21.61 	22.48 	23.08 	
	23.08 	24.76 	25.00 	25.84 	27.05 	28.13 	28.13 	25.16 	24.92 	26.12 	
	26.31 	26.23 	26.23 	25.87 	25.49 	25.90 	27.65 	27.23 	27.23 	26.03 	
	27.17 	27.00 	26.34 	26.38 	26.38 	25.81 	25.68 	25.73 	25.79 	25.62 	
	25.62 	25.88 	25.79 	25.76 	25.81 	26.17 	26.17 	26.85 	26.60 	27.32 	
	27.16 	26.58 	26.58 	26.66 	26.73 	26.31 	25.25 	25.31 	25.31 	25.30 	
	24.86 	24.95 	24.89 	24.80 	24.80 	25.10 	25.25 	25.56 	27.47 	27.61 	
	27.61 	28.36 	60
1    CS     29         m-18
83    2.28 	72.44 
25.84	400	.00	.0	0
	0.00 	10.00 	20.00 	30.00 	40.00 	50.00 	60.00 	70.00 	80.00 	90.00 	
	100.00 	110.00 	120.00 	130.00 	140.00 	150.00 	160.00 	170.00 	180.00 	190.00 	
	200.00 	210.00 	220.00 	230.00 	240.00 	250.00 	260.00 	270.00 	280.00 	290.00 	
	300.00 	310.00 	320.00 	330.00 	340.00 	350.00 	360.00 	370.00 	380.00 	390.00 	
	400.00 	410.00 	420.00 	430.00 	440.00 	450.00 	460.00 	470.00 	480.00 	490.00 	
	500.00 	510.00 	520.00 	530.00 	540.00 	550.00 	560.00 	570.00 	580.00 	590.00 	
	600.00 	610.00 	620.00 	630.00 	640.00 	650.00 	660.00 	670.00 	680.00 	690.00 	
	700.00 	710.00 	720.00 	730.00 	740.00 	750.00 	760.00 	770.00 	780.00 	790.00 	
	800.00 	810.00 	813.88 
	60 	26.92 	26.92 	26.97 	25.38 	26.74 	26.74 	26.97 	19.95 	20.94 	
	20.94 	21.62 	23.54 	23.81 	23.81 	24.77 	26.16 	26.16 	27.38 	23.99 	
	23.72 	23.72 	25.09 	25.31 	25.22 	25.22 	24.81 	24.37 	24.37 	24.84 	
	26.84 	26.36 	26.36 	24.99 	26.29 	26.10 	26.10 	25.34 	25.39 	24.74 	
	24.74 	24.59 	24.65 	24.65 	24.71 	24.52 	24.82 	24.82 	24.71 	24.69 	
	24.74 	24.74 	25.15 	25.93 	25.64 	25.64 	26.46 	26.28 	26.28 	25.61 	
	25.71 	25.79 	25.79 	25.31 	24.10 	24.17 	24.17 	24.16 	23.65 	23.65 	
	23.76 	23.69 	23.58 	23.58 	23.92 	24.10 	24.45 	24.45 	26.63 	26.80 	
	27.65 	27.65 	60
1    CS     30         m-19
44    2.19 	74.63 
26.67	400	.00	.0	0
	0.00 	10.00 	20.00 	30.00 	40.00 	50.00 	60.00 	70.00 	80.00 	90.00 	
	100.00 	110.00 	120.00 	130.00 	140.00 	150.00 	160.00 	170.00 	180.00 	190.00 	
	200.00 	210.00 	220.00 	230.00 	240.00 	250.00 	260.00 	270.00 	280.00 	290.00 	
	300.00 	310.00 	320.00 	330.00 	340.00 	350.00 	360.00 	370.00 	380.00 	390.00 	
	400.00 	410.00 	420.00 	430.00 
	60 	28.87 	25.84 	25.07 	25.75 	22.37 	22.86 	24.16 	24.29 	25.46 	
	26.07 	24.25 	24.93 	24.99 	24.79 	24.57 	25.80 	25.56 	25.53 	25.43 	
	25.08 	24.76 	24.71 	24.74 	24.80 	24.74 	24.76 	24.96 	25.20 	25.61 	
	25.52 	25.24 	25.28 	24.44 	24.47 	24.21 	24.27 	24.18 	24.35 	24.61 	
	25.70 	26.21 	28.87 	60
1    CS     31         m-20
70    2.41 	77.04 
24.56	400	.00	.0	0
	0.00 	10.00 	20.00 	30.00 	40.00 	50.00 	60.00 	70.00 	80.00 	90.00 	
	100.00 	110.00 	120.00 	130.00 	140.00 	150.00 	160.00 	170.00 	180.00 	190.00 	
	200.00 	210.00 	220.00 	230.00 	240.00 	250.00 	260.00 	270.00 	280.00 	290.00 	
	300.00 	310.00 	320.00 	330.00 	340.00 	350.00 	360.00 	370.00 	380.00 	390.00 	
	400.00 	410.00 	420.00 	430.00 	440.00 	450.00 	460.00 	470.00 	480.00 	490.00 	
	500.00 	510.00 	520.00 	530.00 	540.00 	550.00 	560.00 	570.00 	580.00 	590.00 	
	600.00 	610.00 	620.00 	630.00 	640.00 	650.00 	660.00 	670.00 	680.00 	692.42 
	60 	25.14 	25.19 	23.83 	23.83 	24.99 	25.19 	19.21 	20.06 	20.63 	
	22.27 	22.50 	22.50 	23.31 	24.49 	25.53 	22.65 	22.42 	23.59 	23.77 	
	23.77 	23.69 	23.34 	22.97 	23.37 	25.07 	24.67 	24.67 	23.50 	24.61 	
	24.45 	23.80 	23.84 	23.29 	23.16 	23.16 	23.21 	23.26 	23.10 	23.36 	
	23.26 	23.24 	23.29 	23.29 	23.63 	24.29 	24.05 	24.75 	24.60 	24.03 	
	24.03 	24.11 	24.18 	23.77 	22.74 	22.80 	22.79 	22.36 	22.36 	22.45 	
	22.40 	22.30 	22.59 	22.74 	23.04 	24.90 	24.90 	25.04 	25.77 	60
1    CS     32         m-21
70    2.35 	79.39 
23.73	400	.00	.0	0
	0.00 	10.00 	20.00 	30.00 	40.00 	50.00 	60.00 	70.00 	80.00 	90.00 	
	100.00 	110.00 	120.00 	130.00 	140.00 	150.00 	160.00 	170.00 	180.00 	190.00 	
	200.00 	210.00 	220.00 	230.00 	240.00 	250.00 	260.00 	270.00 	280.00 	290.00 	
	300.00 	310.00 	320.00 	330.00 	340.00 	350.00 	360.00 	370.00 	380.00 	390.00 	
	400.00 	410.00 	420.00 	430.00 	440.00 	450.00 	460.00 	470.00 	480.00 	490.00 	
	500.00 	510.00 	520.00 	530.00 	540.00 	550.00 	560.00 	570.00 	580.00 	590.00 	
	600.00 	610.00 	620.00 	630.00 	640.00 	650.00 	660.00 	670.00 	680.00 	690.59 
	60 	24.28 	24.33 	22.98 	22.98 	24.13 	24.33 	18.37 	19.21 	19.79 	
	21.42 	21.65 	21.65 	22.46 	23.64 	24.68 	21.80 	21.57 	22.73 	22.92 	
	22.92 	22.84 	22.49 	22.12 	22.52 	24.21 	23.81 	23.81 	22.64 	23.75 	
	23.59 	22.94 	22.99 	22.43 	22.31 	22.31 	22.35 	22.41 	22.25 	22.50 	
	22.41 	22.39 	22.43 	22.43 	22.78 	23.44 	23.20 	23.89 	23.74 	23.17 	
	23.17 	23.25 	23.32 	22.92 	21.89 	21.95 	21.94 	21.51 	21.51 	21.60 	
	21.54 	21.45 	21.74 	21.89 	22.19 	24.04 	24.04 	24.18 	24.91 	60
1    CS     33         m-22
89    2.19 	81.58 
22.37	400	.00	.0	0
	0.00 	10.00 	20.00 	30.00 	40.00 	50.00 	60.00 	70.00 	80.00 	90.00 	
	100.00 	110.00 	120.00 	130.00 	140.00 	150.00 	160.00 	170.00 	180.00 	190.00 	
	200.00 	210.00 	220.00 	230.00 	240.00 	250.00 	260.00 	270.00 	280.00 	290.00 	
	300.00 	310.00 	320.00 	330.00 	340.00 	350.00 	360.00 	370.00 	380.00 	390.00 	
	400.00 	410.00 	420.00 	430.00 	440.00 	450.00 	460.00 	470.00 	480.00 	490.00 	
	500.00 	510.00 	520.00 	530.00 	540.00 	550.00 	560.00 	570.00 	580.00 	590.00 	
	600.00 	610.00 	620.00 	630.00 	640.00 	650.00 	660.00 	670.00 	680.00 	690.00 	
	700.00 	710.00 	720.00 	730.00 	740.00 	750.00 	760.00 	770.00 	780.00 	790.00 	
	800.00 	810.00 	820.00 	830.00 	840.00 	850.00 	860.00 	870.00 	878.31 
	60 	23.53 	23.53 	23.59 	21.87 	21.87 	23.34 	23.59 	23.59 	16.01 	
	17.08 	17.81 	17.81 	19.88 	20.18 	20.18 	21.21 	22.71 	22.71 	24.03 	
	20.37 	20.37 	20.08 	21.56 	21.56 	21.79 	21.69 	21.69 	21.25 	20.78 	
	20.78 	21.28 	23.44 	22.93 	22.93 	21.44 	22.85 	22.85 	22.65 	21.82 	
	21.82 	21.88 	21.18 	21.18 	21.02 	21.07 	21.07 	21.15 	20.94 	20.94 	
	21.27 	21.15 	21.15 	21.12 	21.18 	21.62 	21.62 	22.46 	22.15 	22.15 	
	23.03 	22.84 	22.84 	22.12 	22.22 	22.22 	22.31 	21.79 	21.79 	20.49 	
	20.56 	20.56 	20.55 	20.00 	20.00 	20.12 	20.05 	19.93 	19.93 	20.30 	
	20.49 	20.49 	20.87 	23.22 	23.22 	23.40 	24.32 	24.32 	60
1    CS     34         m-23
66    2.69 	84.27 
22.37	400	.00	.0	0
	0.00 	10.00 	20.00 	30.00 	40.00 	50.00 	60.00 	70.00 	80.00 	90.00 	
	100.00 	110.00 	120.00 	130.00 	140.00 	150.00 	160.00 	170.00 	180.00 	190.00 	
	200.00 	210.00 	220.00 	230.00 	240.00 	250.00 	260.00 	270.00 	280.00 	290.00 	
	300.00 	310.00 	320.00 	330.00 	340.00 	350.00 	360.00 	370.00 	380.00 	390.00 	
	400.00 	410.00 	420.00 	430.00 	440.00 	450.00 	460.00 	470.00 	480.00 	490.00 	
	500.00 	510.00 	520.00 	530.00 	540.00 	550.00 	560.00 	570.00 	580.00 	590.00 	
	600.00 	610.00 	620.00 	630.00 	640.00 	650.00 
	60 	27.28 	22.54 	22.58 	21.34 	22.40 	22.58 	17.11 	17.89 	18.42 	
	19.91 	20.12 	20.12 	20.86 	21.95 	22.90 	20.26 	20.05 	21.12 	21.29 	
	21.21 	20.90 	20.56 	20.92 	22.48 	22.10 	21.03 	22.05 	21.90 	21.31 	
	21.35 	20.84 	20.73 	20.73 	20.77 	20.82 	20.67 	20.91 	20.82 	20.80 	
	20.84 	21.16 	21.77 	21.54 	22.18 	22.04 	21.52 	21.60 	21.66 	21.29 	
	20.34 	20.40 	20.39 	19.99 	19.99 	20.08 	20.03 	19.94 	20.21 	20.34 	
	20.62 	22.32 	22.44 	23.11 	27.28 	60
1    CS     35         m-24
54    2.43 	86.70 
22.04	400	.00	.0	0
	0.00 	10.00 	20.00 	30.00 	40.00 	50.00 	60.00 	70.00 	80.00 	90.00 	
	100.00 	110.00 	120.00 	130.00 	140.00 	150.00 	160.00 	170.00 	180.00 	190.00 	
	200.00 	210.00 	220.00 	230.00 	240.00 	250.00 	260.00 	270.00 	280.00 	290.00 	
	300.00 	310.00 	320.00 	330.00 	340.00 	350.00 	360.00 	370.00 	380.00 	390.00 	
	400.00 	410.00 	420.00 	430.00 	440.00 	450.00 	460.00 	470.00 	480.00 	490.00 	
	500.00 	510.00 	520.00 	530.00 
	60 	25.45 	21.62 	21.65 	21.51 	21.65 	17.22 	17.85 	18.28 	19.49 	
	20.26 	21.14 	21.91 	19.77 	19.60 	20.47 	20.54 	20.29 	20.01 	20.30 	
	21.57 	20.40 	21.22 	21.10 	20.62 	20.66 	20.24 	20.18 	20.23 	20.11 	
	20.30 	20.23 	20.21 	20.50 	20.99 	20.81 	21.33 	21.21 	20.85 	20.90 	
	20.60 	19.84 	19.88 	19.88 	19.63 	19.58 	19.51 	19.73 	19.84 	20.06 	
	21.54 	22.08 	25.45 	60
1    CS     36         m-25
53    2.97 	89.67 
21.29	400	.00	.0	0
	0.00 	10.00 	20.00 	30.00 	40.00 	50.00 	60.00 	70.00 	80.00 	90.00 	
	100.00 	110.00 	120.00 	130.00 	140.00 	150.00 	160.00 	170.00 	180.00 	190.00 	
	200.00 	210.00 	220.00 	230.00 	240.00 	250.00 	260.00 	270.00 	280.00 	290.00 	
	300.00 	310.00 	320.00 	330.00 	340.00 	350.00 	360.00 	370.00 	380.00 	390.00 	
	400.00 	410.00 	420.00 	430.00 	440.00 	450.00 	460.00 	470.00 	480.00 	490.00 	
	500.00 	510.00 	520.00 
	60 	24.48 	20.75 	20.79 	20.64 	20.79 	16.48 	17.09 	17.51 	18.85 	
	19.44 	20.29 	21.04 	18.96 	19.64 	19.77 	19.71 	19.46 	19.19 	20.70 	
	20.41 	19.57 	20.37 	20.25 	19.82 	19.42 	19.33 	19.36 	19.40 	19.47 	
	19.40 	19.39 	19.42 	19.67 	19.97 	20.47 	20.36 	19.95 	20.01 	19.77 	
	19.03 	19.07 	19.06 	18.75 	18.78 	18.71 	18.92 	19.03 	19.24 	20.68 	
	21.20 	24.48 	60
1    CS     37         lijiadu
67    2.48 	92.15 
19.85	400	.00	.0	0
	0.00 	10.00 	20.00 	30.00 	40.00 	50.00 	60.00 	70.00 	80.00 	90.00 	
	100.00 	110.00 	120.00 	130.00 	140.00 	150.00 	160.00 	170.00 	180.00 	190.00 	
	200.00 	210.00 	220.00 	230.00 	240.00 	250.00 	260.00 	270.00 	280.00 	290.00 	
	300.00 	310.00 	320.00 	330.00 	340.00 	350.00 	360.00 	370.00 	380.00 	390.00 	
	400.00 	410.00 	420.00 	430.00 	440.00 	450.00 	460.00 	470.00 	480.00 	490.00 	
	500.00 	510.00 	520.00 	530.00 	540.00 	550.00 	560.00 	570.00 	580.00 	590.00 	
	600.00 	610.00 	620.00 	630.00 	640.00 	650.00 	660.00 
	60 	24.74 	19.97 	20.01 	18.77 	19.83 	20.01 	14.51 	15.29 	15.82 	
	15.82 	17.33 	17.54 	18.29 	19.37 	20.33 	17.68 	17.47 	18.54 	18.71 	
	18.64 	18.32 	17.98 	18.34 	19.91 	19.53 	19.53 	18.46 	19.48 	19.33 	
	18.73 	18.78 	18.27 	18.15 	18.19 	18.24 	18.10 	18.33 	18.24 	18.22 	
	18.27 	18.59 	18.59 	19.19 	18.97 	19.61 	19.47 	18.95 	19.02 	19.09 
	18.71 	17.76 	17.82 	17.81 	17.41 	17.50 	17.45 	17.36 	17.36 	17.63 	
	17.76 	18.04 	19.75 	19.88 	20.55 	24.74 	60
