1    110     Yuanhe
1     Yuanhe_1   110
1	YH	1	YH06-luxi	
39	0 	0 	
127.90	600	0	0	0
	0.00 	0.01 	0.95 	1.45 	1.60 	2.25 	5.50 	8.61 	9.84 	11.28 	
	12.73 	14.25 	15.69 	17.14 	18.58 	19.96 	21.48 	22.92 	24.37 	25.74 	
	27.33 	28.63 	30.15 	31.59 	33.04 	34.41 	35.86 	37.31 	38.39 	39.84 	
	40.56 	43.09 	44.17 	45.91 	48.36 	49.95 	51.47 	57.69 	58.99 		
	150 	128.82 	128.66 	128.22 	127.17 	127.17 	127.04 	126.88 	126.68 	126.73 	
	126.63 	126.15 	125.76 	125.63 	125.61 	125.65 	125.44 	125.35 	125.35 	125.56 	
	125.59 	125.35 	125.37 	125.44 	125.49 	125.61 	125.81 	126.55 	126.26 	126.69 	
	126.89 	127.31 	127.37 	127.97 	128.39 	129.02 	129.21 	129.43 	150
1	YH	2	YH07	
39	2.55 	2.55 	
127.15	600	0	0	0
	0.00 	0.01 	1.13 	1.74 	1.91 	2.69 	6.58 	10.30 	11.77 	13.50 	
	15.23 	17.05 	18.78 	20.51 	22.24 	23.88 	25.69 	27.42 	29.15 	30.80 	
	32.70 	34.26 	36.07 	37.80 	39.53 	41.18 	42.90 	44.63 	45.93 	47.66 	
	48.53 	51.55 	52.85 	54.93 	57.87 	59.77 	61.59 	69.02 	70.58 		
	150 	128.03 	127.87 	127.43 	126.38 	126.38 	126.25 	126.09 	125.89 	125.94 	
	125.84 	125.36 	124.97 	124.84 	124.82 	124.86 	124.65 	124.56 	124.56 	124.77 	
	124.80 	124.56 	124.58 	124.65 	124.70 	124.82 	125.02 	125.76 	125.47 	125.90 	
	126.10 	126.52 	126.58 	127.18 	127.60 	128.23 	128.42 	128.64 	150
1	YH	3	YH08	
39	0.68 	3.24 	
126.41	600	0	0	0
	0.00 	0.01 	0.72 	1.11 	1.22 	1.71 	4.18 	6.55 	7.48 	8.58 	
	9.68 	10.84 	11.94 	13.04 	14.14 	15.18 	16.33 	17.43 	18.53 	19.58 	
	20.79 	21.78 	22.93 	24.03 	25.13 	26.18 	27.28 	28.38 	29.20 	30.30 	
	30.85 	32.77 	33.60 	34.92 	36.79 	38.00 	39.15 	43.88 	44.87 		
	150 	127.25 	127.09 	126.65 	125.60 	125.60 	125.47 	125.31 	125.11 	125.16 	
	125.06 	124.58 	124.19 	124.06 	124.04 	124.08 	123.87 	123.78 	123.78 	123.99 	
	124.02 	123.78 	123.80 	123.87 	123.92 	124.04 	124.24 	124.98 	124.69 	125.12 	
	125.32 	125.74 	125.80 	126.40 	126.82 	127.45 	127.64 	127.86 	150
1	YH	4	YH09	
39	0.20 	3.44 	
125.66	600	0	0	0
	0.00 	0.01 	1.06 	1.62 	1.79 	2.51 	6.15 	9.62 	11.00 	12.61 	
	14.23 	15.92 	17.54 	19.15 	20.77 	22.31 	24.00 	25.62 	27.23 	28.77 	
	30.55 	32.00 	33.70 	35.31 	36.93 	38.46 	40.08 	41.69 	42.91 	44.52 	
	45.33 	48.16 	49.37 	51.31 	54.05 	55.83 	57.53 	64.48 	65.93 		
	150 	126.46 	126.30 	125.86 	124.81 	124.81 	124.68 	124.52 	124.32 	124.37 	
	124.27 	123.79 	123.40 	123.27 	123.25 	123.29 	123.08 	122.99 	122.99 	123.20 	
	123.23 	122.99 	123.01 	123.08 	123.13 	123.25 	123.45 	124.19 	123.90 	124.33 	
	124.53 	124.95 	125.01 	125.61 	126.03 	126.66 	126.85 	127.07 	150
1	YH	5	YH10	
39	0.58 	4.02 	
124.92	600	0	0	0
	0.00 	0.01 	1.26 	1.93 	2.12 	2.98 	7.30 	11.42 	13.05 	14.97 	
	16.89 	18.90 	20.82 	22.74 	24.66 	26.48 	28.49 	30.41 	32.33 	34.15 	
	36.26 	37.99 	40.00 	41.92 	43.84 	45.66 	47.58 	49.50 	50.94 	52.85 	
	53.81 	57.17 	58.61 	60.91 	64.17 	66.28 	68.30 	76.54 	78.27 		
	150 	125.68 	125.52 	125.08 	124.03 	124.03 	123.90 	123.74 	123.54 	123.59 	
	123.49 	123.01 	122.62 	122.49 	122.47 	122.51 	122.30 	122.21 	122.21 	122.42 	
	122.45 	122.21 	122.23 	122.30 	122.35 	122.47 	122.67 	123.41 	123.12 	123.55 	
	123.75 	124.17 	124.23 	124.83 	125.25 	125.88 	126.07 	126.29 	150
1	YH	6	YH11	
39	0.84 	4.86 	
124.18	600	0	0	0
	0.00 	0.01 	1.37 	2.11 	2.32 	3.26 	7.98 	12.50 	14.28 	16.38 	
	18.48 	20.68 	22.78 	24.88 	26.97 	28.97 	31.17 	33.27 	35.37 	37.36 	
	39.67 	41.56 	43.76 	45.86 	47.96 	49.95 	52.05 	54.15 	55.72 	57.82 	
	58.87 	62.54 	64.11 	66.63 	70.20 	72.51 	74.71 	83.73 	85.62 		
	150 	124.89 	124.73 	124.29 	123.24 	123.24 	123.11 	122.95 	122.75 	122.80 	
	122.70 	122.22 	121.83 	121.70 	121.68 	121.72 	121.51 	121.42 	121.42 	121.63 	
	121.66 	121.42 	121.44 	121.51 	121.56 	121.68 	121.88 	122.62 	122.33 	122.76 	
	122.96 	123.38 	123.44 	124.04 	124.46 	125.09 	125.28 	125.50 	150
1	YH	7	YH12	
39	0.58 	5.44 	
123.43	600	0	0	0
	0.00 	0.01 	1.28 	1.96 	2.16 	3.03 	7.43 	11.62 	13.28 	15.23 	
	17.18 	19.23 	21.19 	23.14 	25.09 	26.94 	28.99 	30.94 	32.90 	34.75 	
	36.90 	38.65 	40.70 	42.65 	44.61 	46.46 	48.41 	50.36 	51.83 	53.78 	
	54.76 	58.17 	59.63 	61.98 	65.29 	67.44 	69.49 	77.88 	79.64 		
	150 	124.10 	123.94 	123.50 	122.45 	122.45 	122.32 	122.16 	121.96 	122.01 	
	121.91 	121.43 	121.04 	120.91 	120.89 	120.93 	120.72 	120.63 	120.63 	120.84 	
	120.87 	120.63 	120.65 	120.72 	120.77 	120.89 	121.09 	121.83 	121.54 	121.97 	
	122.17 	122.59 	122.65 	123.25 	123.67 	124.30 	124.49 	124.71 	150
1	YH	8	YH13-01	
39	0.56 	6.00 	
122.69	600	0	0	0
	0.00 	0.01 	1.52 	2.33 	2.56 	3.61 	8.82 	13.81 	15.78 	18.10 	
	20.42 	22.85 	25.17 	27.49 	29.81 	32.01 	34.45 	36.77 	39.08 	41.29 	
	43.84 	45.92 	48.36 	50.68 	53.00 	55.20 	57.52 	59.84 	61.58 	63.90 	
	65.05 	69.11 	70.85 	73.63 	77.58 	80.13 	82.56 	92.53 	94.62 		
	150 	123.32 	123.16 	122.72 	121.67 	121.67 	121.54 	121.38 	121.18 	121.23 	
	121.13 	120.65 	120.26 	120.13 	120.11 	120.15 	119.94 	119.85 	119.85 	120.06 	
	120.09 	119.85 	119.87 	119.94 	119.99 	120.11 	120.31 	121.05 	120.76 	121.19 	
	121.39 	121.81 	121.87 	122.47 	122.89 	123.52 	123.71 	123.93 	150
1	YH	9	YH14-00	
39	0.53 	6.52 	
121.94	600	0	0	0
	0.00 	0.01 	1.75 	2.69 	2.95 	4.16 	10.17 	15.92 	18.20 	20.87 	
	23.54 	26.35 	29.03 	31.70 	34.37 	36.91 	39.72 	42.40 	45.07 	47.61 	
	50.55 	52.96 	55.76 	58.44 	61.11 	63.65 	66.33 	69.00 	71.01 	73.68 	
	75.02 	79.70 	81.70 	84.91 	89.46 	92.40 	95.21 	106.70 	109.11 		
	150 	122.53 	122.37 	121.93 	120.88 	120.88 	120.75 	120.59 	120.39 	120.44 	
	120.34 	119.86 	119.47 	119.34 	119.32 	119.36 	119.15 	119.06 	119.06 	119.27 	
	119.30 	119.06 	119.08 	119.15 	119.20 	119.32 	119.52 	120.26 	119.97 	120.40 	
	120.60 	121.02 	121.08 	121.68 	122.10 	122.73 	122.92 	123.14 	150
1	YH	10	YH15	
39	0.54 	7.07 	
121.19	600	0	0	0
	0.00 	0.01 	0.86 	1.33 	1.46 	2.05 	5.02 	7.85 	8.97 	10.29 	
	11.61 	13.00 	14.31 	15.63 	16.95 	18.20 	19.59 	20.91 	22.23 	23.48 	
	24.93 	26.12 	27.50 	28.82 	30.14 	31.39 	32.71 	34.03 	35.02 	36.34 	
	37.00 	39.30 	40.29 	41.88 	44.12 	45.57 	46.95 	52.62 	53.81 		
	150 	121.74 	121.58 	121.14 	120.09 	120.09 	119.96 	119.80 	119.60 	119.65 	
	119.55 	119.07 	118.68 	118.55 	118.53 	118.57 	118.36 	118.27 	118.27 	118.48 	
	118.51 	118.27 	118.29 	118.36 	118.41 	118.53 	118.73 	119.47 	119.18 	119.61 	
	119.81 	120.23 	120.29 	120.89 	121.31 	121.94 	122.13 	122.35 	150
1	YH	11	YH16	
39	0.58 	7.65 	
120.45	600	0	0	0
	0.00 	0.01 	1.56 	2.39 	2.62 	3.69 	9.03 	14.14 	16.16 	18.53 	
	20.90 	23.40 	25.77 	28.15 	30.52 	32.78 	35.27 	37.64 	40.02 	42.27 	
	44.88 	47.02 	49.51 	51.89 	54.26 	56.52 	58.89 	61.27 	63.05 	65.42 	
	66.61 	70.76 	72.54 	75.39 	79.43 	82.04 	84.53 	94.74 	96.88 	
	150 	120.96 	120.80 	120.36 	119.31 	119.31 	119.18 	119.02 	118.82 	118.87 	
	118.77 	118.29 	117.90 	117.77 	117.75 	117.79 	117.58 	117.49 	117.49 	117.70 	
	117.73 	117.49 	117.51 	117.58 	117.63 	117.75 	117.95 	118.69 	118.40 	118.83 	
	119.03 	119.45 	119.51 	120.11 	120.53 	121.16 	121.35 	121.57 	150
1	YH	12	YH17	
39	1.21 	8.86 	
119.70	600	0	0	0
	0.00 	0.01 	1.27 	1.94 	2.13 	3.00 	7.35 	11.50 	13.14 	15.08 	
	17.01 	19.04 	20.97 	22.90 	24.83 	26.67 	28.69 	30.63 	32.56 	34.39 	
	36.52 	38.26 	40.28 	42.22 	44.15 	45.98 	47.91 	49.85 	51.29 	53.23 	
	54.19 	57.57 	59.02 	61.34 	64.62 	66.75 	68.78 	77.08 	78.82 		
	150 	120.17 	120.01 	119.57 	118.52 	118.52 	118.39 	118.23 	118.03 	118.08 	
	117.98 	117.50 	117.11 	116.98 	116.96 	117.00 	116.79 	116.70 	116.70 	116.91 	
	116.94 	116.70 	116.72 	116.79 	116.84 	116.96 	117.16 	117.90 	117.61 	118.04 	
	118.24 	118.66 	118.72 	119.32 	119.74 	120.37 	120.56 	120.78 	150
1	YH	13	YH18-00	
39	0.36 	9.22 	
118.96	600	0	0	0
	0.00 	0.01 	1.58 	2.42 	2.66 	3.75 	9.17 	14.35 	16.40 	18.81 	
	21.22 	23.76 	26.17 	28.58 	30.99 	33.28 	35.81 	38.22 	40.63 	42.92 	
	45.57 	47.74 	50.27 	52.68 	55.09 	57.38 	59.79 	62.20 	64.01 	66.42 	
	67.63 	71.84 	73.65 	76.55 	80.64 	83.29 	85.83 	96.19 	98.36 		
	150 	119.39 	119.23 	118.79 	117.74 	117.74 	117.61 	117.45 	117.25 	117.30 	
	117.20 	116.72 	116.33 	116.20 	116.18 	116.22 	116.01 	115.92 	115.92 	116.13 	
	116.16 	115.92 	115.94 	116.01 	116.06 	116.18 	116.38 	117.12 	116.83 	117.26 	
	117.46 	117.88 	117.94 	118.54 	118.96 	119.59 	119.78 	120.00 	150
1	YH	14	YH19	
39	0.41 	9.62 	
118.21	600	0	0	0
	0.00 	0.01 	0.91 	1.39 	1.53 	2.15 	5.26 	8.24 	9.41 	10.80 	
	12.18 	13.63 	15.02 	16.40 	17.78 	19.10 	20.55 	21.93 	23.32 	24.63 	
	26.15 	27.40 	28.85 	30.23 	31.62 	32.93 	34.32 	35.70 	36.74 	38.12 	
	38.81 	41.23 	42.27 	43.93 	46.28 	47.80 	49.26 	55.20 	56.45 		
	150 	118.60 	118.44 	118.00 	116.95 	116.95 	116.82 	116.66 	116.46 	116.51 	
	116.41 	115.93 	115.54 	115.41 	115.39 	115.43 	115.22 	115.13 	115.13 	115.34 	
	115.37 	115.13 	115.15 	115.22 	115.27 	115.39 	115.59 	116.33 	116.04 	116.47 	
	116.67 	117.09 	117.15 	117.75 	118.17 	118.80 	118.99 	119.21 	150
1	YH	15	YH20	
39	0.38 	10.00 	
117.46	600	0	0	0
	0.00 	0.01 	1.20 	1.85 	2.03 	2.86 	7.00 	10.95 	12.52 	14.36 	
	16.20 	18.13 	19.97 	21.81 	23.65 	25.39 	27.33 	29.16 	31.00 	32.75 	
	34.78 	36.43 	38.36 	40.20 	42.04 	43.79 	45.63 	47.47 	48.85 	50.69 	
	51.61 	54.83 	56.21 	58.41 	61.54 	63.56 	65.49 	73.40 	75.06 		
	150 	117.81 	117.65 	117.21 	116.16 	116.16 	116.03 	115.87 	115.67 	115.72 	
	115.62 	115.14 	114.75 	114.62 	114.60 	114.64 	114.43 	114.34 	114.34 	114.55 	
	114.58 	114.34 	114.36 	114.43 	114.48 	114.60 	114.80 	115.54 	115.25 	115.68 	
	115.88 	116.30 	116.36 	116.96 	117.38 	118.01 	118.20 	118.42 	150
1	YH	16	YH21	
39	0.74 	10.74 	
116.72	600	0	0	0
	0.00 	0.01 	1.58 	2.43 	2.67 	3.76 	9.21 	14.41 	16.47 	18.89 	
	21.31 	23.85 	26.27 	28.69 	31.11 	33.41 	35.95 	38.37 	40.79 	43.08 	
	45.75 	47.92 	50.46 	52.88 	55.30 	57.60 	60.02 	62.44 	64.26 	66.68 	
	67.89 	72.12 	73.94 	76.84 	80.95 	83.62 	86.16 	96.56 	98.74 		
	150 	117.03 	116.87 	116.43 	115.38 	115.38 	115.25 	115.09 	114.89 	114.94 	
	114.84 	114.36 	113.97 	113.84 	113.82 	113.86 	113.65 	113.56 	113.56 	113.77 	
	113.80 	113.56 	113.58 	113.65 	113.70 	113.82 	114.02 	114.76 	114.47 	114.90 	
	115.10 	115.52 	115.58 	116.18 	116.60 	117.23 	117.42 	117.64 	150
1	YH	17	YH22	
39	0.45 	11.19 	
115.97	600	0	0	0
	0.00 	0.01 	1.18 	1.81 	1.99 	2.79 	6.84 	10.70 	12.23 	14.02 	
	15.82 	17.71 	19.50 	21.30 	23.10 	24.80 	26.69 	28.48 	30.28 	31.99 	
	33.96 	35.58 	37.47 	39.26 	41.06 	42.77 	44.56 	46.36 	47.71 	49.51 	
	50.40 	53.55 	54.89 	57.05 	60.11 	62.08 	63.97 	71.69 	73.31 		
	150 	116.24 	116.08 	115.64 	114.59 	114.59 	114.46 	114.30 	114.10 	114.15 	
	114.05 	113.57 	113.18 	113.05 	113.03 	113.07 	112.86 	112.77 	112.77 	112.98 	
	113.01 	112.77 	112.79 	112.86 	112.91 	113.03 	113.23 	113.97 	113.68 	114.11 	
	114.31 	114.73 	114.79 	115.39 	115.81 	116.44 	116.63 	116.85 	150
1	YH	18	YH23	
39	0.34 	11.53 	
115.23	600	0	0	0
	0.00 	0.01 	1.13 	1.74 	1.91 	2.69 	6.58 	10.30 	11.78 	13.51 	
	15.24 	17.05 	18.78 	20.51 	22.24 	23.89 	25.71 	27.44 	29.17 	30.81 	
	32.71 	34.27 	36.09 	37.82 	39.55 	41.19 	42.92 	44.65 	45.95 	47.68 	
	48.55 	51.58 	52.87 	54.95 	57.89 	59.79 	61.61 	69.05 	70.61 		
	150 	115.46 	115.30 	114.86 	113.81 	113.81 	113.68 	113.52 	113.32 	113.37 	
	113.27 	112.79 	112.40 	112.27 	112.25 	112.29 	112.08 	111.99 	111.99 	112.20 	
	112.23 	111.99 	112.01 	112.08 	112.13 	112.25 	112.45 	113.19 	112.90 	113.33 	
	113.53 	113.95 	114.01 	114.61 	115.03 	115.66 	115.85 	116.07 	150
1	YH	19	YH24	
39	0.33 	11.86 	
114.48	600	0	0	0
	0.00 	0.01 	1.67 	2.56 	2.82 	3.97 	9.71 	15.20 	17.37 	19.92 	
	22.47 	25.15 	27.70 	30.26 	32.81 	35.23 	37.91 	40.46 	43.02 	45.44 	
	48.25 	50.55 	53.22 	55.78 	58.33 	60.75 	63.31 	65.86 	67.77 	70.32 	
	71.60 	76.07 	77.98 	81.04 	85.38 	88.19 	90.87 	101.84 	104.14 		
	150 	114.67 	114.51 	114.07 	113.02 	113.02 	112.89 	112.73 	112.53 	112.58 	
	112.48 	112.00 	111.61 	111.48 	111.46 	111.50 	111.29 	111.20 	111.20 	111.41 	
	111.44 	111.20 	111.22 	111.29 	111.34 	111.46 	111.66 	112.40 	112.11 	112.54 	
	112.74 	113.16 	113.22 	113.82 	114.24 	114.87 	115.06 	115.28 	150
1	YH	20	YH25	
39	0.27 	12.14 	
113.73	600	0	0	0
	0.00 	0.01 	1.08 	1.66 	1.83 	2.57 	6.29 	9.84 	11.25 	12.90 	
	14.55 	16.29 	17.94 	19.59 	21.25 	22.82 	24.55 	26.20 	27.86 	29.43 	
	31.25 	32.73 	34.47 	36.12 	37.77 	39.34 	41.00 	42.65 	43.89 	45.54 	
	46.37 	49.26 	50.50 	52.48 	55.29 	57.11 	58.85 	65.95 	67.44 		
	150 	113.88 	113.72 	113.28 	112.23 	112.23 	112.10 	111.94 	111.74 	111.79 	
	111.69 	111.21 	110.82 	110.69 	110.67 	110.71 	110.50 	110.41 	110.41 	110.62 	
	110.65 	110.41 	110.43 	110.50 	110.55 	110.67 	110.87 	111.61 	111.32 	111.75 	
	111.95 	112.37 	112.43 	113.03 	113.45 	114.08 	114.27 	114.49 	150
1	YH	21	YH26	
39	0.64 	12.77 	
112.99	600	0	0	0
	0.00 	0.01 	1.02 	1.56 	1.72 	2.42 	5.91 	9.25 	10.57 	12.13 	
	13.68 	15.31 	16.87 	18.42 	19.97 	21.45 	23.08 	24.63 	26.19 	27.66 	
	29.37 	30.77 	32.40 	33.96 	35.51 	36.99 	38.54 	40.09 	41.26 	42.81 	
	43.59 	46.31 	47.47 	49.34 	51.98 	53.69 	55.32 	62.00 	63.40 		
	150 	113.10 	112.94 	112.50 	111.45 	111.45 	111.32 	111.16 	110.96 	111.01 	
	110.91 	110.43 	110.04 	109.91 	109.89 	109.93 	109.72 	109.63 	109.63 	109.84 	
	109.87 	109.63 	109.65 	109.72 	109.77 	109.89 	110.09 	110.83 	110.54 	110.97 	
	111.17 	111.59 	111.65 	112.25 	112.67 	113.30 	113.49 	113.71 	150
1	YH	22	YH27-01	
39	0.32 	13.09 	
112.24	600	0	0	0
	0.00 	0.01 	1.34 	2.05 	2.26 	3.18 	7.78 	12.17 	13.91 	15.95 	
	17.99 	20.14 	22.18 	24.22 	26.27 	28.21 	30.35 	32.40 	34.44 	36.38 	
	38.63 	40.47 	42.61 	44.66 	46.70 	48.64 	50.69 	52.73 	54.26 	56.31 	
	57.33 	60.90 	62.44 	64.89 	68.36 	70.61 	72.75 	81.54 	83.38 		
	150 	112.31 	112.15 	111.71 	110.66 	110.66 	110.53 	110.37 	110.17 	110.22 	
	110.12 	109.64 	109.25 	109.12 	109.10 	109.14 	108.93 	108.84 	108.84 	109.05 	
	109.08 	108.84 	108.86 	108.93 	108.98 	109.10 	109.30 	110.04 	109.75 	110.18 	
	110.38 	110.80 	110.86 	111.46 	111.88 	112.51 	112.70 	112.92 	150
1	YH	23	YH28-00	
39	0.48 	13.58 	
111.50	600	0	0	0
	0.00 	0.02 	2.04 	3.13 	3.45 	4.85 	11.86 	18.57 	21.22 	24.34 	
	27.46 	30.73 	33.85 	36.97 	40.09 	43.05 	46.32 	49.44 	52.56 	55.52 	
	58.95 	61.76 	65.03 	68.15 	71.27 	74.23 	77.35 	80.47 	82.81 	85.92 	
	87.48 	92.94 	95.28 	99.02 	104.32 	107.75 	111.03 	124.43 	127.24 		
	150 	111.53 	111.37 	110.93 	109.88 	109.88 	109.75 	109.59 	109.39 	109.44 	
	109.34 	108.86 	108.47 	108.34 	108.32 	108.36 	108.15 	108.06 	108.06 	108.27 	
	108.30 	108.06 	108.08 	108.15 	108.20 	108.32 	108.52 	109.26 	108.97 	109.40 	
	109.60 	110.02 	110.08 	110.68 	111.10 	111.73 	111.92 	112.14 	150
1	YH	24	YH29	
39	0.93 	14.50 	
110.75	600	0	0	0
	0.00 	0.01 	1.59 	2.44 	2.68 	3.77 	9.23 	14.44 	16.51 	18.93 	
	21.36 	23.90 	26.33 	28.75 	31.18 	33.48 	36.03 	38.46 	40.88 	43.18 	
	45.85 	48.04 	50.58 	53.01 	55.43 	57.74 	60.16 	62.59 	64.41 	66.83 	
	68.05 	72.29 	74.11 	77.02 	81.14 	83.81 	86.36 	96.79 	98.97 		
	150 	110.74 	110.58 	110.14 	109.09 	109.09 	108.96 	108.80 	108.60 	108.65 	
	108.55 	108.07 	107.68 	107.55 	107.53 	107.57 	107.36 	107.27 	107.27 	107.48 	
	107.51 	107.27 	107.29 	107.36 	107.41 	107.53 	107.73 	108.47 	108.18 	108.61 	
	108.81 	109.23 	109.29 	109.89 	110.31 	110.94 	111.13 	111.35 	150
1	YH	25	YH30	
39	0.60 	15.10 	
110.00	600	0	0	0
	0.00 	0.01 	1.41 	2.17 	2.38 	3.35 	8.20 	12.83 	14.66 	16.82 	
	18.97 	21.23 	23.39 	25.54 	27.69 	29.74 	32.00 	34.16 	36.31 	38.36 	
	40.73 	42.67 	44.93 	47.08 	49.24 	51.29 	53.44 	55.59 	57.21 	59.36 	
	60.44 	64.21 	65.83 	68.41 	72.08 	74.45 	76.71 	85.97 	87.91 		
	150 	109.95 	109.79 	109.35 	108.30 	108.30 	108.17 	108.01 	107.81 	107.86 	
	107.76 	107.28 	106.89 	106.76 	106.74 	106.78 	106.57 	106.48 	106.48 	106.69 	
	106.72 	106.48 	106.50 	106.57 	106.62 	106.74 	106.94 	107.68 	107.39 	107.82 	
	108.02 	108.44 	108.50 	109.10 	109.52 	110.15 	110.34 	110.56 	150
1	YH	26	YH31	
39	0.50 	15.60 	
109.26	600	0	0	0
	0.00 	0.01 	1.59 	2.43 	2.68 	3.76 	9.21 	14.42 	16.48 	18.90 	
	21.32 	23.86 	26.28 	28.70 	31.12 	33.42 	35.96 	38.39 	40.81 	43.11 	
	45.77 	47.95 	50.49 	52.91 	55.33 	57.63 	60.05 	62.47 	64.29 	66.71 	
	67.92 	72.16 	73.97 	76.88 	81.00 	83.66 	86.20 	96.61 	98.79 	
	150 	109.17 	109.01 	108.57 	107.52 	107.52 	107.39 	107.23 	107.03 	107.08 	
	106.98 	106.50 	106.11 	105.98 	105.96 	106.00 	105.79 	105.70 	105.70 	105.91 	
	105.94 	105.70 	105.72 	105.79 	105.84 	105.96 	106.16 	106.90 	106.61 	107.04 	
	107.24 	107.66 	107.72 	108.32 	108.74 	109.37 	109.56 	109.78 	150
1	YH	27	YH32	
39	0.86 	16.46 	
108.51	600	0	0	0
	0.00 	0.01 	1.57 	2.42 	2.66 	3.74 	9.15 	14.32 	16.36 	18.76 	
	21.17 	23.69 	26.09 	28.50 	30.90 	33.19 	35.71 	38.11 	40.52 	42.80 	
	45.45 	47.61 	50.13 	52.54 	54.94 	57.22 	59.63 	62.03 	63.83 	66.24 	
	67.44 	71.65 	73.45 	76.33 	80.42 	83.07 	85.59 	95.93 	98.09 	
	150 	108.38 	108.22 	107.78 	106.73 	106.73 	106.60 	106.44 	106.24 	106.29 	
	106.19 	105.71 	105.32 	105.19 	105.17 	105.21 	105.00 	104.91 	104.91 	105.12 	
	105.15 	104.91 	104.93 	105.00 	105.05 	105.17 	105.37 	106.11 	105.82 	106.25 	
	106.45 	106.87 	106.93 	107.53 	107.95 	108.58 	108.77 	108.99 	150
1	YH	28	YH33	
39	0.60 	17.05 	
107.76	600	0	0	0
	0.00 	0.01 	1.42 	2.18 	2.40 	3.37 	8.25 	12.92 	14.76 	16.93 	
	19.10 	21.38 	23.55 	25.72 	27.89 	29.95 	32.23 	34.39 	36.56 	38.63 	
	41.01 	42.96 	45.24 	47.41 	49.58 	51.64 	53.81 	55.98 	57.61 	59.78 	
	60.86 	64.66 	66.28 	68.89 	72.58 	74.96 	77.24 	86.57 	88.52 	
	150 	107.59 	107.43 	106.99 	105.94 	105.94 	105.81 	105.65 	105.45 	105.50 	
	105.40 	104.92 	104.53 	104.40 	104.38 	104.42 	104.21 	104.12 	104.12 	104.33 	
	104.36 	104.12 	104.14 	104.21 	104.26 	104.38 	104.58 	105.32 	105.03 	105.46 	
	105.66 	106.08 	106.14 	106.74 	107.16 	107.79 	107.98 	108.20 	150
1	YH	29	YH34-00	
39	0.40 	17.46 	
107.02	600	0	0	0
	0.00 	0.02 	3.14 	4.82 	5.30 	7.46 	18.26 	28.58 	32.66 	37.46 	
	42.26 	47.30 	52.10 	56.90 	61.70 	66.26 	71.30 	76.09 	80.89 	85.45 	
	90.73 	95.05 	100.09 	104.89 	109.69 	114.25 	119.05 	123.85 	127.45 	132.25 	
	134.65 	143.05 	146.65 	152.41 	160.56 	165.84 	170.88 	191.52 	195.84 	
	150 	106.81 	106.65 	106.21 	105.16 	105.16 	105.03 	104.87 	104.67 	104.72 	
	104.62 	104.14 	103.75 	103.62 	103.60 	103.64 	103.43 	103.34 	103.34 	103.55 	
	103.58 	103.34 	103.36 	103.43 	103.48 	103.60 	103.80 	104.54 	104.25 	104.68 	
	104.88 	105.30 	105.36 	105.96 	106.38 	107.01 	107.20 	107.42 	150
1	YH	30	YH35	
39	0.68 	18.14 	
106.27	600	0	0	0
	0.00 	0.01 	1.18 	1.81 	1.99 	2.81 	6.87 	10.75 	12.28 	14.09 	
	15.89 	17.79 	19.59 	21.40 	23.20 	24.92 	26.81 	28.62 	30.42 	32.14 	
	34.12 	35.75 	37.64 	39.45 	41.25 	42.97 	44.77 	46.58 	47.93 	49.73 	
	50.64 	53.80 	55.15 	57.32 	60.38 	62.37 	64.26 	72.03 	73.65 	
	150	106.02 	105.86 	105.42 	104.37 	104.37 	104.24 	104.08 	103.88 	103.93 	
	103.83 	103.35 	102.96 	102.83 	102.81 	102.85 	102.64 	102.55 	102.55 	102.76 	
	102.79 	102.55 	102.57 	102.64 	102.69 	102.81 	103.01 	103.75 	103.46 	103.89 	
	104.09 	104.51 	104.57 	105.17 	105.59 	106.22 	106.41 	106.63 	150
1	YH	31	YH36	
39	1.13 	19.27 	
105.53	600	0	0	0
	0.00 	0.01 	1.64 	2.52 	2.77 	3.90 	9.54 	14.94 	17.07 	19.58 	
	22.09 	24.72 	27.23 	29.74 	32.25 	34.63 	37.26 	39.77 	42.28 	44.66 	
	47.42 	49.68 	52.32 	54.82 	57.33 	59.72 	62.22 	64.73 	66.61 	69.12 	
	70.38 	74.77 	76.65 	79.66 	83.92 	86.68 	89.32 	100.10 	102.36 	
	150	105.24 	105.08 	104.64 	103.59 	103.59 	103.46 	103.30 	103.10 	103.15 	
	103.05 	102.57 	102.18 	102.05 	102.03 	102.07 	101.86 	101.77 	101.77 	101.98 	
	102.01 	101.77 	101.79 	101.86 	101.91 	102.03 	102.23 	102.97 	102.68 	103.11 	
	103.31 	103.73 	103.79 	104.39 	104.81 	105.44 	105.63 	105.85 	150
1	YH	32	YH37	
39	0.51 	19.77 	
104.78	600	0	0	0
	0.00 	0.01 	1.83 	2.81 	3.09 	4.35 	10.63 	16.64 	19.02 	21.81 	
	24.61 	27.54 	30.34 	33.13 	35.93 	38.58 	41.52 	44.31 	47.11 	49.76 	
	52.83 	55.35 	58.28 	61.08 	63.87 	66.53 	69.32 	72.12 	74.21 	77.01 	
	78.41 	83.30 	85.39 	88.75 	93.50 	96.57 	99.51 	111.52 	114.04 	
	150	104.45 	104.29 	103.85 	102.80 	102.80 	102.67 	102.51 	102.31 	102.36 	
	102.26 	101.78 	101.39 	101.26 	101.24 	101.28 	101.07 	100.98 	100.98 	101.19 	
	101.22 	100.98 	101.00 	101.07 	101.12 	101.24 	101.44 	102.18 	101.89 	102.32 	
	102.52 	102.94 	103.00 	103.60 	104.02 	104.65 	104.84 	105.06 	150
1	YH	33	PX	
30	0.41 	20.18 	
105.93	600	0	0	0
	0.00 	9.10 	34.50 	37.90 	38.40 	42.80 	49.40 	55.10 	60.80 	64.10 	
	65.50 	66.90 	73.00 	78.70 	83.00 	84.30 	85.60 	87.10 	91.10 	95.00 	
	102.00 	105.00 	105.00 	122.00 	122.00 	128.00 	136.00 	151.00 	194.00 	224.00 
	150	106.93 	106.47 	105.04 	103.79 	102.62 	102.20 	100.41 	100.05 	100.05 	
	100.74 	100.74 	99.41 	99.74 	99.62 	99.60 	99.60 	99.69 	100.91 	101.58 	
	101.93 	103.79 	104.46 	105.72 	106.21 	108.12 	106.13 	106.18 	106.19 	150
1	YH	34	YH39	
30	0.63 	20.82 	
105.45	600	0	0	0
	0.00 	5.92 	22.43 	24.64 	24.96 	27.82 	32.11 	35.82 	39.53 	41.67 	
	42.58 	43.49 	47.46 	51.16 	53.96 	54.80 	55.65 	56.62 	59.22 	61.76 	
	66.31 	68.26 	68.26 	79.31 	79.31 	83.21 	88.41 	98.16 	126.12 	145.62 
	150	106.42 	105.96 	104.53 	103.28 	102.11 	101.69 	99.90 	99.54 	99.54 	
	100.23 	100.23 	98.90 	99.23 	99.11 	99.09 	99.09 	99.18 	100.40 	101.07 	
	101.42 	103.28 	103.95 	105.21 	105.70 	107.61 	105.62 	105.67 	105.68 	150
1	YH	35	YH40-00	
30	0.36 	21.18 	
104.98	600	0	0	0
	0.00 	4.98 	18.89 	20.76 	21.03 	23.44 	27.06 	30.18 	33.30 	35.11 	
	35.87 	36.64 	39.98 	43.10 	45.46 	46.17 	46.88 	47.70 	49.89 	52.03 	
	55.86 	57.51 	57.51 	66.82 	66.82 	70.10 	74.48 	82.70 	106.25 	122.68 
	150	105.91 	105.45 	104.02 	102.77 	101.60 	101.18 	99.39 	99.03 	99.03 	
	99.72 	99.72 	98.39 	98.72 	98.60 	98.58 	98.58 	98.67 	99.89 	100.56 	
	100.91 	102.77 	103.44 	104.70 	105.19 	107.10 	105.11 	105.16 	105.17 	150
1	YH	36	YH41	
30	0.27 	21.45 	
104.50	600	0	0	0
	0.00 	8.84 	33.51 	36.82 	37.30 	41.58 	47.99 	53.52 	59.06 	62.27 	
	63.63 	64.99 	70.91 	76.45 	80.62 	81.89 	83.15 	84.61 	88.49 	92.28 	
	99.08 	102.00 	102.00 	118.51 	118.51 	124.34 	132.11 	146.68 	188.45 	217.59 
	150	105.40 	104.94 	103.51 	102.26 	101.09 	100.67 	98.88 	98.52 	98.52 	
	99.21 	99.21 	97.88 	98.21 	98.09 	98.07 	98.07 	98.16 	99.38 	100.05 	
	100.40 	102.26 	102.93 	104.19 	104.68 	106.59 	104.60 	104.65 	104.66 	150
1	YH	37	YH42	
30	0.72 	22.17 	
104.03	600	0	0	0
	0.00 	4.27 	16.20 	17.80 	18.03 	20.10 	23.20 	25.88 	28.55 	30.10 	
	30.76 	31.42 	34.28 	36.96 	38.98 	39.59 	40.20 	40.91 	42.78 	44.62 	
	47.90 	49.31 	49.31 	57.30 	57.30 	60.11 	63.87 	70.92 	91.11 	105.20 
	150	104.89 	104.43 	103.00 	101.75 	100.58 	100.16 	98.37 	98.01 	98.01 	
	98.70 	98.70 	97.37 	97.70 	97.58 	97.56 	97.56 	97.65 	98.87 	99.54 	
	99.89 	101.75 	102.42 	103.68 	104.17 	106.08 	104.09 	104.14 	104.15 	150
1	YH	38	YH43	
30	0.71 	22.88 	
103.55	600	0	0	0
	0.00 	5.06 	19.19 	21.08 	21.36 	23.81 	27.48 	30.65 	33.82 	35.66 	
	36.43 	37.21 	40.61 	43.78 	46.17 	46.89 	47.62 	48.45 	50.67 	52.84 	
	56.74 	58.41 	58.41 	67.86 	67.86 	71.20 	75.65 	83.99 	107.91 	124.60 
	150	104.38 	103.92 	102.49 	101.24 	100.07 	99.65 	97.86 	97.50 	97.50 	
	98.19 	98.19 	96.86 	97.19 	97.07 	97.05 	97.05 	97.14 	98.36 	99.03 	
	99.38 	101.24 	101.91 	103.17 	103.66 	105.57 	103.58 	103.63 	103.64 	150
1	YH	39	YH44	
30	0.43 	23.31 	
103.07	600	0	0	0
	0.00 	4.16 	15.78 	17.33 	17.56 	19.57 	22.59 	25.20 	27.80 	29.31 	
	29.95 	30.59 	33.38 	35.99 	37.95 	38.55 	39.14 	39.83 	41.66 	43.44 	
	46.64 	48.01 	48.01 	55.79 	55.79 	58.53 	62.19 	69.05 	88.71 	102.43 
	150	103.87 	103.41 	101.98 	100.73 	99.56 	99.14 	97.35 	96.99 	96.99 	
	97.68 	97.68 	96.35 	96.68 	96.56 	96.54 	96.54 	96.63 	97.85 	98.52 	
	98.87 	100.73 	101.40 	102.66 	103.15 	105.06 	103.07 	103.12 	103.13 	150
1	YH	40	YH45-01	
30	0.25 	23.56 	
102.60	600	0	0	0
	0.00 	4.06 	15.40 	16.92 	17.15 	19.11 	22.06 	24.60 	27.15 	28.62 	
	29.25 	29.87 	32.60 	35.14 	37.06 	37.64 	38.22 	38.89 	40.68 	42.42 	
	45.54 	46.88 	46.88 	54.48 	54.48 	57.15 	60.73 	67.42 	86.62 	100.02 
	150	103.36 	102.90 	101.47 	100.22 	99.05 	98.63 	96.84 	96.48 	96.48 	
	97.17 	97.17 	95.84 	96.17 	96.05 	96.03 	96.03 	96.12 	97.34 	98.01 	
	98.36 	100.22 	100.89 	102.15 	102.64 	104.55 	102.56 	102.61 	102.62 	150
1	YH	41	YH46	
30	0.28 	23.85 	
102.12	600	0	0	0
	0.00 	7.40 	28.05 	30.81 	31.22 	34.79 	40.16 	44.79 	49.42 	52.11 	
	53.25 	54.38 	59.34 	63.98 	67.47 	68.53 	69.58 	70.80 	74.06 	77.23 	
	82.92 	85.35 	85.35 	99.17 	99.17 	104.05 	110.55 	122.75 	157.70 	182.09 
	150	102.85 	102.39 	100.96 	99.71 	98.54 	98.12 	96.33 	95.97 	95.97 	
	96.66 	96.66 	95.33 	95.66 	95.54 	95.52 	95.52 	95.61 	96.83 	97.50 	
	97.85 	99.71 	100.38 	101.64 	102.13 	104.04 	102.05 	102.10 	102.11 	150
1	YH	42	YH47	
30	0.17 	24.02 	
101.65	600	0	0	0
	0.00 	8.37 	31.73 	34.85 	35.31 	39.36 	45.43 	50.67 	55.91 	58.95 	
	60.23 	61.52 	67.13 	72.37 	76.33 	77.52 	78.72 	80.10 	83.78 	87.36 	
	93.80 	96.56 	96.56 	112.19 	112.19 	117.71 	125.07 	138.86 	178.40 	205.99 
	150	102.34 	101.88 	100.45 	99.20 	98.03 	97.61 	95.82 	95.46 	95.46 	
	96.15 	96.15 	94.82 	95.15 	95.03 	95.01 	95.01 	95.10 	96.32 	96.99 	
	97.34 	99.20 	99.87 	101.13 	101.62 	103.53 	101.54 	101.59 	101.60 	150
1	YH	43	YH48-00	
30	0.19 	24.20 	
101.17	600	0	0	0
	0.00 	6.80 	25.77 	28.31 	28.68 	31.97 	36.90 	41.15 	45.41 	47.87 	
	48.92 	49.97 	54.52 	58.78 	61.99 	62.96 	63.93 	65.05 	68.04 	70.95 	
	76.18 	78.42 	78.42 	91.12 	91.12 	95.60 	101.58 	112.78 	144.89 	167.30 
	150	101.83 	101.37 	99.94 	98.69 	97.52 	97.10 	95.31 	94.95 	94.95 	
	95.64 	95.64 	94.31 	94.64 	94.52 	94.50 	94.50 	94.59 	95.81 	96.48 	
	96.83 	98.69 	99.36 	100.62 	101.11 	103.02 	101.03 	101.08 	101.09 	150
1	YH	44	YH49	
30	0.61 	24.81 	
100.69	600	0	0	0
	0.00 	4.34 	16.47 	18.09 	18.33 	20.43 	23.58 	26.30 	29.02 	30.60 	
	31.26 	31.93 	34.84 	37.57 	39.62 	40.24 	40.86 	41.57 	43.48 	45.35 	
	48.69 	50.12 	50.12 	58.23 	58.23 	61.10 	64.92 	72.08 	92.60 	106.92 
	150	101.32 	100.86 	99.43 	98.18 	97.01 	96.59 	94.80 	94.44 	94.44 	
	95.13 	95.13 	93.80 	94.13 	94.01 	93.99 	93.99 	94.08 	95.30 	95.97 	
	96.32 	98.18 	98.85 	100.11 	100.60 	102.51 	100.52 	100.57 	100.58 	150
1	YH	45	YH50	
30	0.41 	25.22 	
100.22	600	0	0	0
	0.00 	2.35 	8.91 	9.79 	9.92 	11.05 	12.76 	14.23 	15.70 	16.55 	
	16.92 	17.28 	18.85 	20.32 	21.44 	21.77 	22.11 	22.49 	23.53 	24.53 	
	26.34 	27.12 	27.12 	31.51 	31.51 	33.06 	35.12 	39.00 	50.10 	57.85 
	150	100.81 	100.35 	98.92 	97.67 	96.50 	96.08 	94.29 	93.93 	93.93 	
	94.62 	94.62 	93.29 	93.62 	93.50 	93.48 	93.48 	93.57 	94.79 	95.46 	
	95.81 	97.67 	98.34 	99.60 	100.09 	102.00 	100.01 	100.06 	100.07 	150
1	YH	46	YH51	
30	0.73 	25.96 	
99.74	600	0	0	0
	0.00 	2.93 	11.12 	12.22 	12.38 	13.80 	15.93 	17.77 	19.61 	20.67 	
	21.12 	21.57 	23.54 	25.38 	26.76 	27.18 	27.60 	28.09 	29.38 	30.63 	
	32.89 	33.86 	33.86 	39.34 	39.34 	41.27 	43.85 	48.69 	62.56 	72.23 
	150	100.30 	99.84 	98.41 	97.16 	95.99 	95.57 	93.78 	93.42 	93.42 	
	94.11 	94.11 	92.78 	93.11 	92.99 	92.97 	92.97 	93.06 	94.28 	94.95 	
	95.30 	97.16 	97.83 	99.09 	99.58 	101.49 	99.50 	99.55 	99.56 	150
1	YH	47	YH52	
30	0.37 	26.32 	
97.93	600	0	0	0
	0.00 	3.41 	12.92 	14.20 	14.38 	16.03 	18.51 	20.64 	22.78 	24.01 	
	24.54 	25.06 	27.35 	29.48 	31.09 	31.58 	32.07 	32.63 	34.13 	35.59 	
	38.21 	39.33 	39.33 	45.70 	45.70 	47.95 	50.95 	56.56 	72.67 	83.91 
	130	99.79 	99.33 	97.90 	96.65 	95.48 	95.06 	93.27 	92.91 	92.91 	
	93.60 	93.60 	92.27 	92.60 	92.48 	92.46 	92.46 	92.55 	93.77 	94.44 	
	94.79 	96.65 	97.32 	98.58 	99.07 	100.98 	98.99 	99.04 	99.05 	130
1	YH	48	YH53	
30	0.63 	26.95 	
97.46	600	0	0	0
	0.00 	5.44 	20.61 	22.65 	22.94 	25.57 	29.52 	32.92 	36.33 	38.30 	
	39.14 	39.97 	43.62 	47.02 	49.59 	50.37 	51.15 	52.04 	54.43 	56.76 	
	60.95 	62.74 	62.74 	72.90 	72.90 	76.48 	81.26 	90.22 	115.92 	133.84 
	130	99.28 	98.82 	97.39 	96.14 	94.97 	94.55 	92.76 	92.40 	92.40 	
	93.09 	93.09 	91.76 	92.09 	91.97 	91.95 	91.95 	92.04 	93.26 	93.93 	
	94.28 	96.14 	96.81 	98.07 	98.56 	100.47 	98.48 	98.53 	98.54 	130
1	YH	49	YH54	
30	1.32 	28.27 	
96.98	600	0	0	0
	0.00 	4.35 	16.49 	18.12 	18.36 	20.46 	23.62 	26.34 	29.07 	30.64 	
	31.31 	31.98 	34.90 	37.62 	39.68 	40.30 	40.92 	41.64 	43.55 	45.42 	
	48.76 	50.20 	50.20 	58.33 	58.33 	61.19 	65.02 	72.19 	92.75 	107.09 
	130	98.77 	98.31 	96.88 	95.63 	94.46 	94.04 	92.25 	91.89 	91.89 	
	92.58 	92.58 	91.25 	91.58 	91.46 	91.44 	91.44 	91.53 	92.75 	93.42 	
	93.77 	95.63 	96.30 	97.56 	98.05 	99.96 	97.97 	98.02 	98.03 	130
1	YH	50	YH55	
30	1.35 	29.63 	
96.51	600	0	0	0
	0.00 	5.90 	22.38 	24.59 	24.91 	27.76 	32.05 	35.74 	39.44 	41.58 	
	42.49 	43.40 	47.36 	51.05 	53.84 	54.69 	55.53 	56.50 	59.10 	61.63 	
	66.17 	68.11 	68.11 	79.14 	79.14 	83.03 	88.22 	97.95 	125.85 	145.31 
	130	98.26 	97.80 	96.37 	95.12 	93.95 	93.53 	91.74 	91.38 	91.38 	
	92.07 	92.07 	90.74 	91.07 	90.95 	90.93 	90.93 	91.02 	92.24 	92.91 	
	93.26 	95.12 	95.79 	97.05 	97.54 	99.45 	97.46 	97.51 	97.52 	130
1	YH	51	YH56	
30	0.89 	30.52 	
96.03	600	0	0	0
	0.00 	6.47 	24.52 	26.94 	27.29 	30.42 	35.11 	39.16 	43.21 	45.56 	
	46.55 	47.55 	51.88 	55.93 	58.99 	59.91 	60.84 	61.90 	64.75 	67.52 	
	72.49 	74.63 	74.63 	86.71 	86.71 	90.97 	96.66 	107.32 	137.88 	159.20 
	130	97.75 	97.29 	95.86 	94.61 	93.44 	93.02 	91.23 	90.87 	90.87 	
	91.56 	91.56 	90.23 	90.56 	90.44 	90.42 	90.42 	90.51 	91.73 	92.40 	
	92.75 	94.61 	95.28 	96.54 	97.03 	98.94 	96.95 	97.00 	97.01 	130
1	YH	52	YH57	
30	0.94 	31.46 	
95.55	600	0	0	0
	0.00 	5.13 	19.43 	21.35 	21.63 	24.11 	27.82 	31.04 	34.25 	36.10 	
	36.89 	37.68 	41.12 	44.33 	46.75 	47.48 	48.21 	49.06 	51.31 	53.51 	
	57.45 	59.14 	59.14 	68.72 	68.72 	72.10 	76.60 	85.05 	109.27 	126.17 
	130	97.24 	96.78 	95.35 	94.10 	92.93 	92.51 	90.72 	90.36 	90.36 	
	91.05 	91.05 	89.72 	90.05 	89.93 	89.91 	89.91 	90.00 	91.22 	91.89 	
	92.24 	94.10 	94.77 	96.03 	96.52 	98.43 	96.44 	96.49 	96.50 	130
1	YH	53	YH58	
30	1.02 	32.48 	
95.08	600	0	0	0
	0.00 	6.42 	24.35 	26.75 	27.10 	30.21 	34.86 	38.89 	42.91 	45.24 	
	46.23 	47.22 	51.52 	55.54 	58.58 	59.50 	60.41 	61.47 	64.29 	67.05 	
	71.99 	74.10 	74.10 	86.10 	86.10 	90.34 	95.98 	106.57 	136.92 	158.09 
	130	96.73 	96.27 	94.84 	93.59 	92.42 	92.00 	90.21 	89.85 	89.85 	
	90.54 	90.54 	89.21 	89.54 	89.42 	89.40 	89.40 	89.49 	90.71 	91.38 	
	91.73 	93.59 	94.26 	95.52 	96.01 	97.92 	95.93 	95.98 	95.99 	130
1	YH	54	YH59	
30	0.87 	33.35 	
94.60	600	0	0	0
	0.00 	6.23 	23.63 	25.96 	26.30 	29.31 	33.83 	37.74 	41.64 	43.90 	
	44.86 	45.82 	50.00 	53.90 	56.84 	57.73 	58.62 	59.65 	62.39 	65.06 	
	69.86 	71.91 	71.91 	83.55 	83.55 	87.66 	93.14 	103.41 	132.86 	153.41 
	130	96.22 	95.76 	94.33 	93.08 	91.91 	91.49 	89.70 	89.34 	89.34 	
	90.03 	90.03 	88.70 	89.03 	88.91 	88.89 	88.89 	88.98 	90.20 	90.87 	
	91.22 	93.08 	93.75 	95.01 	95.50 	97.41 	95.42 	95.47 	95.48 	130
1	YH	55	YH60	
30	0.44 	33.79 	
92.79	600	0	0	0
	0.00 	9.75 	36.98 	40.62 	41.16 	45.87 	52.95 	59.06 	65.16 	68.70 	
	70.20 	71.70 	78.24 	84.35 	88.96 	90.35 	91.74 	93.35 	97.64 	101.82 	
	109.32 	112.54 	112.54 	130.76 	130.76 	137.19 	145.76 	161.84 	207.93 	240.08 
	110	95.71 	95.25 	93.82 	92.57 	91.40 	90.98 	89.19 	88.83 	88.83 	
	89.52 	89.52 	88.19 	88.52 	88.40 	88.38 	88.38 	88.47 	89.69 	90.36 	
	90.71 	92.57 	93.24 	94.50 	94.99 	96.90 	94.91 	94.96 	94.97 	110
1	YH	56	YH61	
30	0.32 	34.11 	
92.32	600	0	0	0
	0.00 	3.31 	12.53 	13.77 	13.95 	15.55 	17.94 	20.02 	22.09 	23.28 	
	23.79 	24.30 	26.52 	28.59 	30.15 	30.62 	31.09 	31.64 	33.09 	34.51 	
	37.05 	38.14 	38.14 	44.32 	44.32 	46.50 	49.40 	54.85 	70.47 	81.37 
	110	95.20 	94.74 	93.31 	92.06 	90.89 	90.47 	88.68 	88.32 	88.32 	
	89.01 	89.01 	87.68 	88.01 	87.89 	87.87 	87.87 	87.96 	89.18 	89.85 	
	90.20 	92.06 	92.73 	93.99 	94.48 	96.39 	94.40 	94.45 	94.46 	110
1	YH	57	YH62	
30	0.37 	34.48 	
91.84	600	0	0	0
	0.00 	6.57 	24.90 	27.35 	27.71 	30.88 	35.65 	39.76 	43.87 	46.26 	
	47.27 	48.28 	52.68 	56.79 	59.89 	60.83 	61.77 	62.85 	65.74 	68.55 	
	73.60 	75.77 	75.77 	88.04 	88.04 	92.37 	98.14 	108.96 	139.99 	161.64 
	110	94.69 	94.23 	92.80 	91.55 	90.38 	89.96 	88.17 	87.81 	87.81 	
	88.50 	88.50 	87.17 	87.50 	87.38 	87.36 	87.36 	87.45 	88.67 	89.34 	
	89.69 	91.55 	92.22 	93.48 	93.97 	95.88 	93.89 	93.94 	93.95 	110
1	YH	58	YH63	
30	0.54 	35.03 	
91.36	600	0	0	0
	0.00 	4.68 	17.73 	19.48 	19.74 	22.00 	25.39 	28.32 	31.25 	32.95 	
	33.67 	34.39 	37.52 	40.45 	42.66 	43.33 	44.00 	44.77 	46.83 	48.83 	
	52.43 	53.97 	53.97 	62.71 	62.71 	65.79 	69.91 	77.62 	99.72 	115.14 
	110	94.18 	93.72 	92.29 	91.04 	89.87 	89.45 	87.66 	87.30 	87.30 	
	87.99 	87.99 	86.66 	86.99 	86.87 	86.85 	86.85 	86.94 	88.16 	88.83 	
	89.18 	91.04 	91.71 	92.97 	93.46 	95.37 	93.38 	93.43 	93.44 	110
1	YH	59	YH64-01	
30	0.53 	35.56 	
90.89	600	0	0	0
	0.00 	8.04 	30.48 	33.49 	33.93 	37.82 	43.65 	48.69 	53.72 	56.64 	
	57.88 	59.11 	64.50 	69.54 	73.34 	74.49 	75.64 	76.96 	80.50 	83.94 	
	90.13 	92.78 	92.78 	107.80 	107.80 	113.10 	120.17 	133.43 	171.42 	197.93 
	110	93.67 	93.21 	91.78 	90.53 	89.36 	88.94 	87.15 	86.79 	86.79 	
	87.48 	87.48 	86.15 	86.48 	86.36 	86.34 	86.34 	86.43 	87.65 	88.32 	
	88.67 	90.53 	91.20 	92.46 	92.95 	94.86 	92.87 	92.92 	92.93 	110
1	YH	60	YH65	
30	0.71 	36.27 	
90.41	600	0	0	0
	0.00 	7.37 	27.96 	30.71 	31.12 	34.68 	40.03 	44.65 	49.27 	51.94 	
	53.08 	54.21 	59.16 	63.78 	67.26 	68.31 	69.37 	70.58 	73.82 	76.98 	
	82.66 	85.09 	85.09 	98.86 	98.86 	103.73 	110.21 	122.36 	157.21 	181.52 
	110	93.16 	92.70 	91.27 	90.02 	88.85 	88.43 	86.64 	86.28 	86.28 	
	86.97 	86.97 	85.64 	85.97 	85.85 	85.83 	85.83 	85.92 	87.14 	87.81 	
	88.16 	90.02 	90.69 	91.95 	92.44 	94.35 	92.36 	92.41 	92.42 	110
1	YH	61	YH66	
30	1.26 	37.53 	
89.94	600	0	0	0
	0.00 	5.85 	22.19 	24.37 	24.70 	27.53 	31.77 	35.44 	39.10 	41.22 	
	42.12 	43.03 	46.95 	50.61 	53.38 	54.22 	55.05 	56.02 	58.59 	61.10 	
	65.60 	67.53 	67.53 	78.46 	78.46 	82.32 	87.47 	97.11 	124.77 	144.06 
	110	92.65 	92.19 	90.76 	89.51 	88.34 	87.92 	86.13 	85.77 	85.77 	
	86.46 	86.46 	85.13 	85.46 	85.34 	85.32 	85.32 	85.41 	86.63 	87.30 	
	87.65 	89.51 	90.18 	91.44 	91.93 	93.84 	91.85 	91.90 	91.91 	110
1	YH	62	YH67	
30	0.76 	38.29 	
89.46	600	0	0	0
	0.00 	5.48 	20.78 	22.83 	23.13 	25.78 	29.75 	33.19 	36.62 	38.61 	
	39.45 	40.29 	43.97 	47.40 	49.99 	50.77 	51.55 	52.46 	54.87 	57.22 	
	61.43 	63.24 	63.24 	73.48 	73.48 	77.09 	81.91 	90.94 	116.84 	134.91 
	110	92.14 	91.68 	90.25 	89.00 	87.83 	87.41 	85.62 	85.26 	85.26 	
	85.95 	85.95 	84.62 	84.95 	84.83 	84.81 	84.81 	84.90 	86.12 	86.79 	
	87.14 	89.00 	89.67 	90.93 	91.42 	93.33 	91.34 	91.39 	91.40 	110
1	YH	63	YH68	
30	1.39 	39.68 	
88.98	600	0	0	0
	0.00 	6.35 	24.08 	26.46 	26.81 	29.88 	34.49 	38.46 	42.44 	44.75 	
	45.72 	46.70 	50.96 	54.94 	57.94 	58.85 	59.76 	60.80 	63.60 	66.32 	
	71.20 	73.30 	73.30 	85.17 	85.17 	89.35 	94.94 	105.41 	135.43 	156.37 
	110	91.63 	91.17 	89.74 	88.49 	87.32 	86.90 	85.11 	84.75 	84.75 	
	85.44 	85.44 	84.11 	84.44 	84.32 	84.30 	84.30 	84.39 	85.61 	86.28 	
	86.63 	88.49 	89.16 	90.42 	90.91 	92.82 	90.83 	90.88 	90.89 	110
1	YH	64	YH69	
30	1.22 	40.90 	
87.84	600	0	0	0
	0.00 	5.05 	19.15 	21.03 	21.31 	23.75 	27.42 	30.58 	33.74 	35.58 	
	36.35 	37.13 	40.52 	43.68 	46.07 	46.79 	47.51 	48.34 	50.56 	52.73 	
	56.61 	58.28 	58.28 	67.71 	67.71 	71.04 	75.48 	83.81 	107.67 	124.32 
	100	91.12 	90.66 	89.23 	87.98 	86.81 	86.39 	84.60 	84.24 	84.24 	
	84.93 	84.93 	83.60 	83.93 	83.81 	83.79 	83.79 	83.88 	85.10 	85.77 	
	86.12 	87.98 	88.65 	89.91 	90.40 	92.31 	90.32 	90.37 	90.38 	100
1	YH	65	YH70	
30	0.86 	41.75 	
87.37	600	0	0	0
	0.00 	6.03 	22.87 	25.13 	25.46 	28.38 	32.75 	36.53 	40.31 	42.50 	
	43.43 	44.35 	48.40 	52.18 	55.03 	55.89 	56.75 	57.75 	60.40 	62.98 	
	67.63 	69.61 	69.61 	80.88 	80.88 	84.86 	90.17 	100.11 	128.62 	148.51 
	100	90.61 	90.15 	88.72 	87.47 	86.30 	85.88 	84.09 	83.73 	83.73 	
	84.42 	84.42 	83.09 	83.42 	83.30 	83.28 	83.28 	83.37 	84.59 	85.26 	
	85.61 	87.47 	88.14 	89.40 	89.89 	91.80 	89.81 	89.86 	89.87 	100
1	YH	66	YH71	
30	0.57 	42.32 	
86.89	600	0	0	0
	0.00 	4.61 	17.49 	19.21 	19.46 	21.69 	25.04 	27.93 	30.82 	32.49 	
	33.20 	33.91 	37.00 	39.89 	42.07 	42.73 	43.38 	44.14 	46.17 	48.15 	
	51.70 	53.22 	53.22 	61.83 	61.83 	64.87 	68.93 	76.53 	98.33 	113.53 
	100	90.10 	89.64 	88.21 	86.96 	85.79 	85.37 	83.58 	83.22 	83.22 	
	83.91 	83.91 	82.58 	82.91 	82.79 	82.77 	82.77 	82.86 	84.08 	84.75 	
	85.10 	86.96 	87.63 	88.89 	89.38 	91.29 	89.30 	89.35 	89.36 	100
1	YH	67	YH72	
30	0.95 	43.27 	
86.41	600	0	0	0
	0.00 	6.03 	22.86 	25.12 	25.45 	28.36 	32.74 	36.51 	40.29 	42.48 	
	43.41 	44.33 	48.38 	52.15 	55.00 	55.86 	56.73 	57.72 	60.37 	62.95 	
	67.59 	69.58 	69.58 	80.85 	80.85 	84.82 	90.12 	100.06 	128.56 	148.44 
	100	89.59 	89.13 	87.70 	86.45 	85.28 	84.86 	83.07 	82.71 	82.71 	
	83.40 	83.40 	82.07 	82.40 	82.28 	82.26 	82.26 	82.35 	83.57 	84.24 	
	84.59 	86.45 	87.12 	88.38 	88.87 	90.78 	88.79 	88.84 	88.85 	100
1	YH	68	YCSC	
16	0.63 	43.90 	
87.29	600	0	0	0
	0.00 	22.70 	35.80 	36.30 	39.80 	47.10 	57.00 	72.80 	84.60 	101.00 	
	112.60 	122.60 	131.50 	133.50 	151.10 	151.10 		
	100	89.94 	90.11 	90.11 	85.35 	83.10 	82.75 	82.20 	81.65 	81.05 	
	82.75 	83.25 	85.35 	89.74 	89.37 	100
1	YH	69	YH74-01	
16	0.58 	44.49 	
86.75	600	0	0	0
	0.00 	34.83 	54.92 	55.69 	61.06 	72.26 	87.45 	111.69 	129.79 	154.95 	
	172.75 	188.09 	201.74 	204.81 	231.81 	231.81 	
	100	89.32 	89.49 	89.49 	84.73 	82.48 	82.13 	81.58 	81.03 	80.43 	
	82.13 	82.63 	84.73 	89.12 	88.75 	100
1	YH	70	YH75	
16	1.48 	45.96 	
86.21	600	0	0	0
	0.00 	21.12 	33.30 	33.77 	37.02 	43.81 	53.02 	67.72 	78.69 	93.95 	
	104.74 	114.04 	122.32 	124.18 	140.55 	140.55 	
	100	88.70 	88.87 	88.87 	84.11 	81.86 	81.51 	80.96 	80.41 	79.81 	
	81.51 	82.01 	84.11 	88.50 	88.13 	100
1	YH	71	YH76	
16	1.05 	47.01 	
85.67	600	0	0	0
	0.00 	20.95 	33.04 	33.50 	36.73 	43.47 	52.61 	67.19 	78.08 	93.22 	
	103.93 	113.16 	121.37 	123.22 	139.46 	139.46 	
	100	88.08 	88.25 	88.25 	83.49 	81.24 	80.89 	80.34 	79.79 	79.19 	
	80.89 	81.39 	83.49 	87.88 	87.51 	100
1	YH	72	YH77	
16	1.38 	48.39 	
85.12	600	0	0	0
	0.00 	25.20 	39.75 	40.30 	44.19 	52.30 	63.29 	80.83 	93.93 	112.14 	
	125.02 	136.13 	146.01 	148.23 	167.77 	167.77 	
	100	87.46 	87.63 	87.63 	82.87 	80.62 	80.27 	79.72 	79.17 	78.57 	
	80.27 	80.77 	82.87 	87.26 	86.89 	100
1	YH	73	YH78-00	
16	1.19 	49.58 	
84.59	600	0	0	0
	0.00 	25.75 	40.61 	41.18 	45.15 	53.43 	64.67 	82.59 	95.98 	114.58 	
	127.74 	139.09 	149.18 	151.45 	171.42 	171.42 	
	100	86.85 	87.02 	87.02 	82.26 	80.01 	79.66 	79.11 	78.56 	77.96 	
	79.66 	80.16 	82.26 	86.65 	86.28 	100
1	YH	74	YH79	
16	0.62 	50.20 	
84.05	600	0	0	0
	0.00 	23.53 	37.11 	37.62 	41.25 	48.82 	59.08 	75.45 	87.69 	104.68 	
	116.71 	127.07 	136.30 	138.37 	156.61 	156.61 	
	100	86.23 	86.40 	86.40 	81.64 	79.39 	79.04 	78.49 	77.94 	77.34 	
	79.04 	79.54 	81.64 	86.03 	85.66 	100
1	YH	75	YH80	
16	0.66 	50.86 	
83.51	600	0	0	0
	0.00 	18.19 	28.69 	29.09 	31.89 	37.74 	45.67 	58.33 	67.79 	80.93 	
	90.22 	98.23 	105.37 	106.97 	121.07 	121.07 	
	100	85.61 	85.78 	85.78 	81.02 	78.77 	78.42 	77.87 	77.32 	76.72 	
	78.42 	78.92 	81.02 	85.41 	85.04 	100
1	YH	76	YH81	
16	0.86 	51.72 	
82.96	600	0	0	0
	0.00 	20.87 	32.92 	33.38 	36.59 	43.31 	52.41 	66.94 	77.79 	92.87 	
	103.53 	112.73 	120.91 	122.75 	138.93 	138.93 	
	100	84.99 	85.16 	85.16 	80.40 	78.15 	77.80 	77.25 	76.70 	76.10 	
	77.80 	78.30 	80.40 	84.79 	84.42 	100
1	YH	77	YH82	
16	1.10 	52.82 	
82.42	600	0	0	0
	0.00 	27.83 	43.89 	44.50 	48.79 	57.74 	69.88 	89.25 	103.71 	123.82 	
	138.04 	150.30 	161.21 	163.66 	185.24 	185.24 	
	100	84.37 	84.54 	84.54 	79.78 	77.53 	77.18 	76.63 	76.08 	75.48 	
	77.18 	77.68 	79.78 	84.17 	83.80 	100
1	YH	78	YH83	
16	0.62 	53.44 	
81.88	600	0	0	0
	0.00 	27.55 	43.46 	44.06 	48.31 	57.17 	69.19 	88.37 	102.69 	122.60 	
	136.68 	148.82 	159.62 	162.05 	183.41 	183.41 	
	100	83.75 	83.92 	83.92 	79.16 	76.91 	76.56 	76.01 	75.46 	74.86 	
	76.56 	77.06 	79.16 	83.55 	83.18 	100
1	YH	79	YH84	
16	0.88 	54.33 	
81.34	600	0	0	0
	0.00 	26.27 	41.43 	42.01 	46.06 	54.51 	65.97 	84.25 	97.91 	116.89 	
	130.31 	141.89 	152.19 	154.50 	174.87 	174.87 	
	100	83.13 	83.30 	83.30 	78.54 	76.29 	75.94 	75.39 	74.84 	74.24 	
	75.94 	76.44 	78.54 	82.93 	82.56 	100
1	YH	80	YH85	
16	0.66 	54.98 	
80.79	600	0	0	0
	0.00 	24.79 	39.10 	39.65 	43.47 	51.44 	62.25 	79.51 	92.40 	110.31 	
	122.98 	133.90 	143.62 	145.81 	165.03 	165.03 	
	100	82.51 	82.68 	82.68 	77.92 	75.67 	75.32 	74.77 	74.22 	73.62 	
	75.32 	75.82 	77.92 	82.31 	81.94 	100
1	YH	81	YH86-01	
16	0.76 	55.74 	
80.25	600	0	0	0
	0.00 	23.10 	36.43 	36.94 	40.50 	47.93 	58.00 	74.08 	86.09 	102.78 	
	114.58 	124.76 	133.81 	135.85 	153.76 	153.76 	
	100	81.89 	82.06 	82.06 	77.30 	75.05 	74.70 	74.15 	73.60 	73.00 	
	74.70 	75.20 	77.30 	81.69 	81.32 	100
1	YH	82	YH87-01	
16	0.76 	56.50 	
79.71	600	0	0	0
	0.00 	23.21 	36.61 	37.12 	40.70 	48.17 	58.29 	74.45 	86.51 	103.29 	
	115.15 	125.37 	134.48 	136.52 	154.52 	154.52 	
	100	81.27 	81.44 	81.44 	76.68 	74.43 	74.08 	73.53 	72.98 	72.38 	
	74.08 	74.58 	76.68 	81.07 	80.70 	100
1	YH	83	YH88	
16	0.69 	57.19 	
79.17	600	0	0	0
	0.00 	35.38 	55.79 	56.57 	62.03 	73.41 	88.83 	113.46 	131.85 	157.41 	
	175.49 	191.07 	204.94 	208.06 	235.49 	235.49 	
	100	80.66 	80.83 	80.83 	76.07 	73.82 	73.47 	72.92 	72.37 	71.77 	
	73.47 	73.97 	76.07 	80.46 	80.09 	100
1	YH	84	YH89	
16	0.78 	57.97 	
78.63	600	0	0	0
	0.00 	22.69 	35.78 	36.28 	39.78 	47.08 	56.97 	72.77 	84.56 	100.95 	
	112.55 	122.54 	131.44 	133.44 	151.03 	151.03 	
	100	80.04 	80.21 	80.21 	75.45 	73.20 	72.85 	72.30 	71.75 	71.15 	
	72.85 	73.35 	75.45 	79.84 	79.47 	100
1	YH	85	YH90	
16	1.84 	59.82 	
78.09	600	0	0	0
	0.00 	23.51 	37.08 	37.60 	41.22 	48.78 	59.04 	75.40 	87.62 	104.61 	
	116.62 	126.98 	136.20 	138.27 	156.50 	156.50 	
	100	79.42 	79.59 	79.59 	74.83 	72.58 	72.23 	71.68 	71.13 	70.53 	
	72.23 	72.73 	74.83 	79.22 	78.85 	100
1	YH	86	YH91	
16	0.65 	60.47 	
76.30	600	0	0	0
	0.00 	30.72 	48.44 	49.12 	53.86 	63.74 	77.13 	98.51 	114.48 	136.67 	
	152.37 	165.90 	177.95 	180.65 	204.47 	204.47 	
	90	78.80 	78.97 	78.97 	74.21 	71.96 	71.61 	71.06 	70.51 	69.91 	
	71.61 	72.11 	74.21 	78.60 	78.23 	90
1	YH	87	YH92	
16	0.83 	61.30 	
75.75	600	0	0	0
	0.00 	32.16 	50.71 	51.42 	56.38 	66.72 	80.75 	103.13 	119.85 	143.08 	
	159.51 	173.68 	186.28 	189.12 	214.05 	214.05 	
	90	78.18 	78.35 	78.35 	73.59 	71.34 	70.99 	70.44 	69.89 	69.29 	
	70.99 	71.49 	73.59 	77.98 	77.61 	90
1	YH	88	YH93	
16	0.39 	61.68 	
75.21	600	0	0	0
	0.00 	15.03 	23.70 	24.04 	26.35 	31.19 	37.74 	48.20 	56.02 	66.88 	
	74.56 	81.18 	87.07 	88.40 	100.05 	100.05 
	90	77.56 	77.73 	77.73 	72.97 	70.72 	70.37 	69.82 	69.27 	68.67 	
	70.37 	70.87 	72.97 	77.36 	76.99 	90
1	YH	89	YH94	
16	0.71 	62.40 	
74.67	600	0	0	0
	0.00 	17.84 	28.13 	28.52 	31.27 	37.01 	44.79 	57.20 	66.47 	79.36 	
	88.47 	96.33 	103.32 	104.89 	118.72 	118.72 	
	90	76.94 	77.11 	77.11 	72.35 	70.10 	69.75 	69.20 	68.65 	68.05 	
	69.75 	70.25 	72.35 	76.74 	76.37 	90
1	YH	90	YH95-00	
16	0.31 	62.71 	
72.91	600	0	0	0
	0.00 	27.42 	43.24 	43.84 	48.07 	56.88 	68.84 	87.92 	102.18 	121.98 	
	135.99 	148.07 	158.82 	161.23 	182.49 	182.49 	
	80.56 	76.32 	76.49 	76.49 	71.73 	69.48 	69.13 	68.58 	68.03 	67.43 	
	69.13 	69.63 	71.73 	76.12 	75.75 	80.00
1	YH	91	YH96	
16	0.34 	63.05 	
72.34	600	0	0	0
	0.00 	14.37 	22.67 	22.98 	25.20 	29.82 	36.09 	46.09 	53.57 	63.95 	
	71.29 	77.63 	83.26 	84.53 	95.67 	95.67 
	80.00 	75.70 	75.87 	75.87 	71.11 	68.86 	68.51 	67.96 	67.41 	66.81 	
	68.51 	69.01 	71.11 	75.50 	75.13 	80.00
1	YH	92	YH97	
16	0.45 	63.50 	
71.79	600	0	0	0
	0.00 	22.78 	35.92 	36.42 	39.93 	47.26 	57.19 	73.04 	84.88 	101.33 	
	112.97 	123.01 	131.94 	133.94 	151.60 	151.60 	
	80.00 	75.08 	75.25 	75.25 	70.49 	68.24 	67.89 	67.34 	66.79 	66.19 	
	67.89 	68.39 	70.49 	74.88 	74.51 	80.00
1	YH	93	YH98	
16	0.78 	64.28 	
71.26	600	0	0	0
	0.00 	24.93 	39.31 	39.86 	43.70 	51.72 	62.59 	79.94 	92.90 	110.91 	
	123.64 	134.62 	144.40 	146.59 	165.92 	165.92 	
	80.00 	74.47 	74.64 	74.64 	69.88 	67.63 	67.28 	66.73 	66.18 	65.58 	
	67.28 	67.78 	69.88 	74.27 	73.90 	80.00
1	YH	94	YH99	
16	0.89 	65.18 	
70.72	600	0	0	0
	0.00 	27.54 	43.44 	44.05 	48.29 	57.15 	69.16 	88.33 	102.65 	122.55 	
	136.63 	148.76 	159.56 	161.98 	183.34 	183.34 	
	80.00 	73.85 	74.02 	74.02 	69.26 	67.01 	66.66 	66.11 	65.56 	64.96 	
	66.66 	67.16 	69.26 	73.65 	73.28 	80.00
1	YH	95	YH100	
16	1.11 	66.28 	
70.17	600	0	0	0
	0.00 	26.64 	42.02 	42.60 	46.71 	55.28 	66.90 	85.44 	99.29 	118.54 	
	132.15 	143.89 	154.34 	156.68 	177.34 	177.34 	
	80.00 	73.23 	73.40 	73.40 	68.64 	66.39 	66.04 	65.49 	64.94 	64.34 	
	66.04 	66.54 	68.64 	73.03 	72.66 	80.00
1	YH	96	YH101	
16	0.61 	66.89 	
69.63	600	0	0	0
	0.00 	29.29 	46.19 	46.83 	51.35 	60.77 	73.54 	93.92 	109.15 	130.30 	
	145.27 	158.17 	169.65 	172.23 	194.94 	194.94 	
	80.00 	72.61 	72.78 	72.78 	68.02 	65.77 	65.42 	64.87 	64.32 	63.72 	
	65.42 	65.92 	68.02 	72.41 	72.04 	80.00
1	YH	97	YH102	
16	0.85 	67.74 	
69.09	600	0	0	0
	0.00 	20.83 	32.85 	33.31 	36.52 	43.22 	52.30 	66.80 	77.63 	92.68 	
	103.32 	112.50 	120.66 	122.50 	138.65 	138.65 	
	80.00 	71.99 	72.16 	72.16 	67.40 	65.15 	64.80 	64.25 	63.70 	63.10 	
	64.80 	65.30 	67.40 	71.79 	71.42 	80.00
1	YH	98	YH103-00	
16	0.89 	68.63 	
68.55	600	0	0	0
	0.00 	35.10 	55.36 	56.13 	61.54 	72.83 	88.14 	112.57 	130.82 	156.18 	
	174.12 	189.58 	203.34 	206.43 	233.65 	233.65 	
	80.00 	71.37 	71.54 	71.54 	66.78 	64.53 	64.18 	63.63 	63.08 	62.48 	
	64.18 	64.68 	66.78 	71.17 	70.80 	80.00
1	YH	99	YH104	
16	1.31 	69.95 	
68.00	600	0	0	0
	0.00 	17.35 	27.36 	27.74 	30.41 	35.99 	43.56 	55.63 	64.65 	77.18 	
	86.05 	93.69 	100.49 	102.02 	115.47 	115.47 	
	80.00 	70.75 	70.92 	70.92 	66.16 	63.91 	63.56 	63.01 	62.46 	61.86 	
	63.56 	64.06 	66.16 	70.55 	70.18 	80.00
1	YH	100	YH105	
16	1.03 	70.98 	
67.46	600	0	0	0
	0.00 	27.00 	42.58 	43.17 	47.34 	56.02 	67.79 	86.58 	100.62 	120.12 	
	133.92 	145.81 	156.40 	158.78 	179.71 	179.71 	
	80.00 	70.13 	70.30 	70.30 	65.54 	63.29 	62.94 	62.39 	61.84 	61.24 	
	62.94 	63.44 	65.54 	69.93 	69.56 	80.00
1	YH	101	MZ	
23	0.76 	71.74 	
70.07	600	0	0	0
	0.00 	3.71 	9.22 	12.55 	13.22 	15.42 	19.78 	23.77 	32.79 	52.07 	
	84.08 	90.87 	103.27 	131.51 	145.68 	154.91 	164.01 	165.91 	170.29 	176.22 	
	184.00 	190.00 	198.00 							
	80.00 	75.25 	72.36 	70.45 	70.23 	69.69 	68.97 	68.38 	67.91 	67.67 	
	67.49 	66.09 	65.13 	60.62 	61.23 	66.10 	68.31 	69.28 	72.00 	73.81 	
	74.51 	76.13 	80.00
1	YH	102	YH107	
23	0.85 	72.59 	
70.07	600	0	0	0
	0.00 	5.44 	13.51 	18.39 	19.37 	22.60 	28.99 	34.83 	48.05 	76.31 	
	123.22 	133.17 	151.34 	192.72 	213.49 	227.01 	240.35 	243.13 	249.55 	258.24 	
	269.64 	278.44 	290.16 							
	80.00 	75.25 	72.36 	70.45 	70.23 	69.69 	68.97 	68.38 	67.91 	67.67 	
	67.49 	66.09 	65.13 	60.62 	61.23 	66.10 	68.31 	69.28 	72.00 	73.81 	
	74.51 	76.13 	80.00
1	YH	103	YH108	
23	0.64 	73.23 	
70.07	600	0	0	0
	0.00 	3.69 	9.17 	12.48 	13.15 	15.34 	19.68 	23.65 	32.62 	51.80 	
	83.64 	90.40 	102.73 	130.83 	144.92 	154.10 	163.16 	165.05 	169.40 	175.30 	
	183.04 	189.01 	196.97 							
	80.00 	75.25 	72.36 	70.45 	70.23 	69.69 	68.97 	68.38 	67.91 	67.67 	
	67.49 	66.09 	65.13 	60.62 	61.23 	66.10 	68.31 	69.28 	72.00 	73.81 	
	74.51 	76.13 	80.00
1	YH	104	YH109	
23	1.47 	74.70 	
70.07	600	0	0	0
	0.00 	4.16 	10.34 	14.08 	14.83 	17.30 	22.19 	26.67 	36.79 	58.42 	
	94.34 	101.95 	115.87 	147.55 	163.45 	173.80 	184.01 	186.15 	191.06 	197.71 	
	206.44 	213.17 	222.15 							
	80.00 	75.25 	72.36 	70.45 	70.23 	69.69 	68.97 	68.38 	67.91 	67.67 	
	67.49 	66.09 	65.13 	60.62 	61.23 	66.10 	68.31 	69.28 	72.00 	73.81 	
	74.51 	76.13 	80.00
1	YH	105	YH110	
23	1.46 	76.15 	
70.07	600	0	0	0
	0.00 	5.59 	13.90 	18.92 	19.92 	23.24 	29.81 	35.83 	49.42 	78.48 	
	126.72 	136.96 	155.65 	198.21 	219.56 	233.48 	247.19 	250.05 	256.66 	265.59 	
	277.32 	286.36 	298.42 							
	80.00 	75.25 	72.36 	70.45 	70.23 	69.69 	68.97 	68.38 	67.91 	67.67 	
	67.49 	66.09 	65.13 	60.62 	61.23 	66.10 	68.31 	69.28 	72.00 	73.81 	
	74.51 	76.13 	80.00
1	YH	106	YH111	
23	1.40 	77.55 	
70.07	600	0	0	0
	0.00 	3.62 	8.99 	12.24 	12.89 	15.03 	19.28 	23.17 	31.97 	50.77 	
	81.97 	88.59 	100.68 	128.22 	142.03 	151.03 	159.90 	161.75 	166.02 	171.81 	
	179.39 	185.24 	193.04 							
	80.00 	75.25 	72.36 	70.45 	70.23 	69.69 	68.97 	68.38 	67.91 	67.67 	
	67.49 	66.09 	65.13 	60.62 	61.23 	66.10 	68.31 	69.28 	72.00 	73.81 	
	74.51 	76.13 	80.00
1	YH	107	YH112	
23	1.05 	78.60 	
70.07	600	0	0	0
	0.00 	3.36 	8.34 	11.35 	11.96 	13.95 	17.89 	21.50 	29.66 	47.10 	
	76.06 	82.20 	93.42 	118.96 	131.78 	140.13 	148.36 	150.08 	154.04 	159.41 	
	166.45 	171.87 	179.11 							
	80.00	75.25 	72.36 	70.45 	70.23 	69.69 	68.97 	68.38 	67.91 	67.67 	
	67.49 	66.09 	65.13 	60.62 	61.23 	66.10 	68.31 	69.28 	72.00 	73.81 	
	74.51 	76.13 	80.00
1	YH	108	YH113	
23	1.64 	80.24 	
70.07	600	0	0	0
	0.00 	6.29 	15.64 	21.29 	22.43 	26.16 	33.56 	40.32 	55.63 	88.33 	
	142.64 	154.16 	175.19 	223.10 	247.14 	262.80 	278.24 	281.46 	288.89 	298.95 	
	312.15 	322.33 	335.90 							
	80.00 	75.25 	72.36 	70.45 	70.23 	69.69 	68.97 	68.38 	67.91 	67.67 	
	67.49 	66.09 	65.13 	60.62 	61.23 	66.10 	68.31 	69.28 	72.00 	73.81 	
	74.51 	76.13 	80.00
1	YH	109	YH114	
23	0.74 	80.98 	
70.07	600	0	0	0
	0.00 	4.02 	9.98 	13.59 	14.32 	16.70 	21.42 	25.74 	35.51 	56.39 	
	91.05 	98.41 	111.83 	142.42 	157.76 	167.76 	177.61 	179.67 	184.41 	190.83 	
	199.26 	205.76 	214.42 							
	80.00 	75.25 	72.36 	70.45 	70.23 	69.69 	68.97 	68.38 	67.91 	67.67 	
	67.49 	66.09 	65.13 	60.62 	61.23 	66.10 	68.31 	69.28 	72.00 	73.81 	
	74.51 	76.13 	80.00
1	YH	110	BJ	
26	0.63 	81.61 	
66.59	600	0	0	0
	-7.60 	0.00 	10.00 	20.00 	30.00 	40.00 	50.00 	60.00 	70.00 	80.00 	
	90.00 	100.00 	110.00 	120.00 	130.00 	140.00 	150.00 	160.00 	170.00 	180.00 	
	190.00 	195.00 	198.00 	200.00 	206.00 	210.00 				
	80.00 	71.84 	69.49 	68.12 	66.93 	64.13 	63.12 	63.60 	64.48 	62.23 	
	62.19 	62.62 	62.62 	62.29 	63.30 	64.03 	63.40 	63.14 	63.76 	64.55 	
	66.04 	67.13 	69.30 	69.94 	73.07 	80.00
