1	107	Yuanhe
1	Yuanhe_2	107
1	YH	1	YH122-11	
40	0.77	0.77	
47.90	0.00	0.00	0.00	0.00
	0.00	0.54	20.39	35.81	49.09	54.32	54.34	56.60	56.62	60.49
	75.65	89.06	95.10	95.11	97.38	97.39	102.74	119.51	131.58	135.07
	135.08	137.35	137.36	138.83	148.48	155.99	161.90	161.91	164.18	164.19
	168.47	175.44	179.60	187.38	187.40	189.66	189.68	212.46	235.27	235.28
	66.89	49.39	48.85	47.45	46.85	46.79	46.79	46.61	46.61	46.07
	44.35	46.62	46.59	46.59	46.57	46.57	46.61	44.80	46.15	46.09
	46.09	46.04	46.04	45.50	47.03	47.02	47.04	47.04	46.79	46.79
	46.76	47.22	47.61	47.74	47.74	47.69	47.69	48.85	49.35	66.89
1	YH	2	YH123-00
40	0.77	1.53
47.28	0.00	0.00	0.00	0.00
	0.00	0.59	22.44	39.41	54.02	59.78	59.80	62.29	62.31	66.57
	83.25	98.01	104.65	104.67	107.16	107.18	113.07	131.52	144.80	148.64
	148.66	151.15	151.17	152.77	163.40	171.67	178.16	178.18	180.67	180.69
	185.40	193.07	197.65	206.21	206.22	208.72	208.73	233.81	258.91	258.92
	66.27	48.77	48.23	46.83	46.23	46.17	46.17	45.99	45.99	45.45
	43.73	46.00	45.97	45.97	45.95	45.95	45.99	44.18	45.53	45.47
	45.47	45.42	45.42	44.88	46.41	46.40	46.42	46.42	46.17	46.17
	46.14	46.60	46.99	47.12	47.12	47.07	47.07	48.23	48.73	66.27
1	YH	3	YH124-01
40	0.60	2.14
46.65	0.00	0.00	0.00	0.00
	0.00	0.27	10.34	18.16	24.90	27.55	27.56	28.71	28.71	30.68
	38.37	45.17	48.23	48.24	49.39	49.39	52.11	60.61	66.73	68.50
	68.51	69.66	69.66	70.40	75.30	79.11	82.10	82.11	83.26	83.27
	85.44	88.97	91.08	95.03	95.04	96.19	96.19	107.75	119.31	119.32
	65.64	48.14	47.60	46.20	45.60	45.54	45.54	45.36	45.36	44.82
	43.10	45.37	45.34	45.34	45.32	45.32	45.36	43.55	44.90	44.84
	44.84	44.79	44.79	44.25	45.78	45.77	45.79	45.79	45.54	45.54
	45.51	45.97	46.36	46.49	46.49	46.44	46.44	47.60	48.10	65.64
1	YH	4	YH125
40	0.77	2.90
46.03	0.00	0.00	0.00	0.00
	0.00	0.34	12.95	22.75	31.19	34.51	34.52	35.96	35.97	38.43
	48.06	56.58	60.42	60.43	61.87	61.88	65.28	75.93	83.60	85.81
	85.82	87.26	87.27	88.20	94.34	99.11	102.86	102.87	104.31	104.31
	107.03	111.46	114.11	119.05	119.06	120.50	120.51	134.98	149.47	149.48
	65.02	47.52	46.98	45.58	44.98	44.92	44.92	44.74	44.74	44.20
	42.48	44.75	44.72	44.72	44.70	44.70	44.74	42.93	44.28	44.22
	44.22	44.17	44.17	43.63	45.16	45.15	45.17	45.17	44.92	44.92
	44.89	45.35	45.74	45.87	45.87	45.82	45.82	46.98	47.48	65.02
1	YH	5	YH126
40	0.92	3.82
45.40	0.00	0.00	0.00	0.00
	0.00	0.73	27.76	48.77	66.85	73.98	73.99	77.08	77.10	82.38
	103.02	121.28	129.50	129.52	132.61	132.63	139.92	162.75	179.19	183.94
	183.95	187.04	187.06	189.05	202.20	212.43	220.47	220.49	223.57	223.59
	229.42	238.92	244.58	255.17	255.19	258.28	258.30	289.33	320.38	320.40
	64.39	46.89	46.35	44.95	44.35	44.29	44.29	44.11	44.11	43.57
	41.85	44.12	44.09	44.09	44.07	44.07	44.11	42.30	43.65	43.59
	43.59	43.54	43.54	43.00	44.53	44.52	44.54	44.54	44.29	44.29
	44.26	44.72	45.11	45.24	45.24	45.19	45.19	46.35	46.85	64.39
1	YH	6	YH127
40	0.70	4.52
44.78	0.00	0.00	0.00	0.00
	0.00	0.44	16.66	29.27	40.13	44.40	44.41	46.27	46.28	49.45
	61.83	72.80	77.73	77.74	79.59	79.61	83.98	97.68	107.55	110.40
	110.41	112.27	112.28	113.47	121.37	127.51	132.33	132.34	134.19	134.20
	137.70	143.40	146.80	153.16	153.17	155.02	155.03	173.66	192.30	192.31
	63.77	46.27	45.73	44.33	43.73	43.67	43.67	43.49	43.49	42.95
	41.23	43.50	43.47	43.47	43.45	43.45	43.49	41.68	43.03	42.97
	42.97	42.92	42.92	42.38	43.91	43.90	43.92	43.92	43.67	43.67
	43.64	44.10	44.49	44.62	44.62	44.57	44.57	45.73	46.23	63.77
1	YH	7	YH128
40	1.18	5.70
44.15	0.00	0.00	0.00	0.00
	0.00	0.27	10.25	18.00	24.67	27.30	27.31	28.45	28.45	30.40
	38.02	44.76	47.79	47.80	48.94	48.94	51.63	60.06	66.13	67.88
	67.89	69.03	69.03	69.77	74.62	78.40	81.36	81.37	82.51	82.51
	84.66	88.17	90.26	94.17	94.18	95.31	95.32	106.77	118.23	118.24
	63.14	45.64	45.10	43.70	43.10	43.04	43.04	42.86	42.86	42.32
	40.60	42.87	42.84	42.84	42.82	42.82	42.86	41.05	42.40	42.34
	42.34	42.29	42.29	41.75	43.28	43.27	43.29	43.29	43.04	43.04
	43.01	43.47	43.86	43.99	43.99	43.94	43.94	45.10	45.60	63.14
1	YH	8	YH129
40	1.09	6.79
43.53	0.00	0.00	0.00	0.00
	0.00	0.44	16.53	29.04	39.81	44.06	44.07	45.90	45.92	49.06
	61.35	72.23	77.12	77.14	78.97	78.98	83.33	96.92	106.71	109.54
	109.55	111.39	111.40	112.59	120.42	126.51	131.30	131.31	133.15	133.16
	136.63	142.28	145.66	151.96	151.98	153.81	153.82	172.31	190.80	190.81
	62.52	45.02	44.48	43.08	42.48	42.42	42.42	42.24	42.24	41.70
	39.98	42.25	42.22	42.22	42.20	42.20	42.24	40.43	41.78	41.72
	41.72	41.67	41.67	41.13	42.66	42.65	42.67	42.67	42.42	42.42
	42.39	42.85	43.24	43.37	43.37	43.32	43.32	44.48	44.98	62.52
1	YH	9	ZS
40	0.86	7.65
42.90	0.00	0.00	0.00	0.00
	0.00	0.40	15.20	26.70	36.60	40.50	40.51	42.20	42.21	45.10
	56.40	66.40	70.90	70.91	72.60	72.61	76.60	89.10	98.10	100.70
	100.71	102.40	102.41	103.50	110.70	116.30	120.70	120.71	122.40	122.41
	125.60	130.80	133.90	139.70	139.71	141.40	141.41	158.40	175.40	175.41
	61.89	44.39	43.85	42.45	41.85	41.79	41.79	41.61	41.61	41.07
	39.35	41.62	41.59	41.59	41.57	41.57	41.61	39.80	41.15	41.09
	41.09	41.04	41.04	40.50	42.03	42.02	42.04	42.04	41.79	41.79
	41.76	42.22	42.61	42.74	42.74	42.69	42.69	43.85	44.35	61.89
1	YH	10	YH131
152	0.55	8.20
40.79	0.00	0.00	0.00	0.00
	0.00	18.08	32.88	66.15	74.13	76.19	78.32	80.42	81.70	82.95
	84.28	85.61	89.65	93.93	95.47	98.55	100.07	101.53	104.20	105.43
	106.62	110.30	111.47	114.09	115.35	116.59	119.16	120.53	121.97	124.78
	126.24	127.74	130.72	132.24	135.30	136.85	138.33	139.95	141.64	143.35
	145.03	148.37	149.99	151.68	153.33	154.99	156.72	158.50	162.04	163.87
	165.62	167.39	169.22	171.06	172.89	174.71	176.62	178.50	180.27	182.06
	183.91	185.77	187.60	189.52	191.41	193.31	195.16	197.08	198.98	200.77
	202.58	204.31	206.00	207.67	209.31	210.79	212.25	213.69	215.13	216.52
	219.25	220.61	223.19	224.50	225.83	227.06	228.34	229.65	230.94	232.23
	234.75	235.98	237.21	238.42	239.59	240.75	241.90	243.05	244.19	245.29
	246.42	247.50	248.63	249.73	250.88	251.98	253.09	254.17	255.21	256.28
	257.36	258.48	259.57	260.67	261.78	262.90	263.94	265.01	266.15	267.23
	268.40	269.51	270.59	273.59	274.55	276.32	277.15	277.97	280.71	281.53
	283.78	286.76	287.47	290.53	292.95	293.80	296.40	297.22	300.11	300.84
	301.59	304.24	306.34	308.36	308.99	312.24	312.34	314.32	323.05	334.59
	351.89	357.66
	68.01	44.42	42.92	42.20	41.61	41.63	41.73	41.70	41.76	41.74
	41.76	41.74	41.72	41.84	41.84	41.81	41.77	41.72	41.55	41.45
	41.37	41.30	41.31	41.34	41.30	41.31	41.28	41.28	41.29	41.26
	41.26	41.26	41.24	41.25	41.24	41.24	41.20	41.18	41.17	41.11
	41.05	40.90	40.76	40.66	40.53	40.40	40.25	40.12	39.97	39.86
	39.44	39.18	38.96	38.87	38.96	38.99	39.22	39.12	39.10	39.21
	39.28	39.20	39.25	39.21	39.18	39.21	39.15	39.09	39.11	39.10
	39.15	39.15	39.21	39.24	39.18	39.33	39.05	39.00	39.04	39.02
	39.01	38.97	38.85	38.89	39.19	39.32	39.42	39.36	39.28	39.23
	39.32	39.29	39.21	39.12	39.07	39.04	39.19	39.33	39.54	39.66
	39.72	39.79	39.86	39.96	39.99	39.94	39.88	39.93	39.94	40.03
	40.02	40.04	40.11	40.19	40.34	40.42	40.55	40.64	40.82	40.94
	41.02	41.05	41.13	41.53	41.57	41.27	40.99	40.85	40.24	40.26
	40.54	41.12	41.26	41.57	41.35	41.21	41.10	41.02	41.00	41.03
	41.16	41.43	41.34	41.30	41.31	41.44	41.45	41.53	42.20	43.46
	45.75	60.55
1	YH	11	YH132
152	0.47	8.67
40.28	0.00	0.00	0.00	0.00
	0.00	6.25	11.37	22.87	25.63	26.34	27.08	27.81	28.25	28.68
	29.14	29.60	31.00	32.48	33.01	34.08	34.60	35.11	36.03	36.46
	36.87	38.14	38.54	39.45	39.89	40.31	41.20	41.68	42.17	43.14
	43.65	44.17	45.20	45.72	46.78	47.32	47.83	48.39	48.98	49.57
	50.15	51.30	51.86	52.45	53.02	53.59	54.19	54.81	56.03	56.66
	57.27	57.88	58.51	59.15	59.78	60.41	61.07	61.72	62.33	62.95
	63.59	64.24	64.87	65.53	66.18	66.84	67.48	68.14	68.80	69.42
	70.05	70.64	71.23	71.81	72.37	72.89	73.39	73.89	74.39	74.87
	75.81	76.28	77.17	77.63	78.08	78.51	78.96	79.41	79.85	80.30
	81.17	81.60	82.02	82.44	82.85	83.24	83.64	84.04	84.43	84.81
	85.21	85.58	85.97	86.35	86.75	87.13	87.51	87.89	88.24	88.62
	88.99	89.37	89.75	90.13	90.52	90.90	91.26	91.64	92.03	92.40
	92.81	93.19	93.56	94.60	94.93	95.55	95.83	96.12	97.06	97.35
	98.12	99.16	99.40	100.46	101.30	101.59	102.49	102.77	103.77	104.02
	104.28	105.20	105.92	106.62	106.84	107.97	108.00	108.68	111.70	115.69
	121.68	123.67
	67.50	43.91	42.41	41.69	41.10	41.12	41.22	41.19	41.25	41.23
	41.25	41.23	41.21	41.33	41.33	41.30	41.26	41.21	41.04	40.94
	40.86	40.79	40.80	40.83	40.79	40.80	40.77	40.77	40.78	40.75
	40.75	40.75	40.73	40.74	40.73	40.73	40.69	40.67	40.66	40.60
	40.54	40.39	40.25	40.15	40.02	39.89	39.74	39.61	39.46	39.35
	38.93	38.67	38.45	38.36	38.45	38.48	38.71	38.61	38.59	38.70
	38.77	38.69	38.74	38.70	38.67	38.70	38.64	38.58	38.60	38.59
	38.64	38.64	38.70	38.73	38.67	38.82	38.54	38.49	38.53	38.51
	38.50	38.46	38.34	38.38	38.68	38.81	38.91	38.85	38.77	38.72
	38.81	38.78	38.70	38.61	38.56	38.53	38.68	38.82	39.03	39.15
	39.21	39.28	39.35	39.45	39.48	39.43	39.37	39.42	39.43	39.52
	39.51	39.53	39.60	39.68	39.83	39.91	40.04	40.13	40.31	40.43
	40.51	40.54	40.62	41.02	41.06	40.76	40.48	40.34	39.73	39.75
	40.03	40.61	40.75	41.06	40.84	40.70	40.59	40.51	40.49	40.52
	40.65	40.92	40.83	40.79	40.80	40.93	40.94	41.02	41.69	42.95
	45.24	60.04
1	YH	12	YH133
152	0.65	9.32
39.72	0.00	0.00	0.00	0.00
	0.00	13.85	25.20	50.70	56.82	58.39	60.03	61.64	62.62	63.58
	64.60	65.61	68.71	72.00	73.18	75.53	76.70	77.82	79.87	80.81
	81.72	84.54	85.44	87.44	88.41	89.36	91.33	92.38	93.48	95.64
	96.76	97.91	100.19	101.35	103.70	104.89	106.03	107.26	108.56	109.87
	111.16	113.72	114.96	116.25	117.52	118.79	120.12	121.49	124.20	125.60
	126.94	128.30	129.70	131.11	132.51	133.91	135.37	136.81	138.17	139.54
	140.96	142.39	143.79	145.26	146.70	148.16	149.58	151.05	152.51	153.88
	155.27	156.59	157.89	159.17	160.43	161.56	162.68	163.79	164.89	165.95
	168.04	169.09	171.07	172.07	173.09	174.03	175.02	176.02	177.01	177.99
	179.92	180.87	181.81	182.74	183.64	184.52	185.41	186.29	187.16	188.00
	188.87	189.70	190.56	191.40	192.29	193.13	193.98	194.81	195.61	196.43
	197.26	198.11	198.95	199.79	200.65	201.50	202.30	203.12	203.99	204.82
	205.72	206.57	207.40	209.69	210.43	211.79	212.42	213.06	215.15	215.78
	217.51	219.79	220.34	222.68	224.54	225.18	227.17	227.81	230.02	230.58
	231.15	233.19	234.79	236.34	236.83	239.32	239.39	240.91	247.60	256.44
	269.71	274.13
	57.00	43.41	41.91	41.19	40.60	40.62	40.72	40.69	40.75	40.73
	40.75	40.73	40.71	40.83	40.83	40.80	40.76	40.71	40.54	40.44
	40.36	40.29	40.30	40.33	40.29	40.30	40.27	40.27	40.28	40.25
	40.25	40.25	40.23	40.24	40.23	40.23	40.19	40.17	40.16	40.10
	40.04	39.89	39.75	39.65	39.52	39.39	39.24	39.11	38.96	38.85
	38.43	38.17	37.95	37.86	37.95	37.98	38.21	38.11	38.09	38.20
	38.27	38.19	38.24	38.20	38.17	38.20	38.14	38.08	38.10	38.09
	38.14	38.14	38.20	38.23	38.17	38.32	38.04	37.99	38.03	38.01
	38.00	37.96	37.84	37.88	38.18	38.31	38.41	38.35	38.27	38.22
	38.31	38.28	38.20	38.11	38.06	38.03	38.18	38.32	38.53	38.65
	38.71	38.78	38.85	38.95	38.98	38.93	38.87	38.92	38.93	39.02
	39.01	39.03	39.10	39.18	39.33	39.41	39.54	39.63	39.81	39.93
	40.01	40.04	40.12	40.52	40.56	40.26	39.98	39.84	39.23	39.25
	39.53	40.11	40.25	40.56	40.34	40.20	40.09	40.01	39.99	40.02
	40.15	40.42	40.33	40.29	40.30	40.43	40.44	40.52	41.19	42.45
	44.74	59.54
1	YH	13	YH134
152	1.17	10.49
39.22	0.00	0.00	0.00	0.00
	0.00	10.52	19.14	38.50	43.14	44.34	45.58	46.80	47.55	48.28
	49.05	49.82	52.17	54.67	55.57	57.36	58.24	59.09	60.65	61.36
	62.06	64.19	64.88	66.40	67.14	67.85	69.35	70.15	70.99	72.62
	73.47	74.34	76.08	76.96	78.74	79.65	80.51	81.45	82.44	83.43
	84.41	86.35	87.29	88.28	89.24	90.20	91.21	92.25	94.31	95.37
	96.39	97.42	98.48	99.56	100.62	101.69	102.79	103.89	104.92	105.96
	107.03	108.12	109.18	110.30	111.40	112.51	113.58	114.70	115.81	116.85
	117.90	118.91	119.89	120.87	121.82	122.68	123.53	124.37	125.21	126.02
	127.60	128.40	129.90	130.66	131.43	132.15	132.90	133.66	134.41	135.16
	136.62	137.34	138.06	138.76	139.44	140.12	140.79	141.46	142.12	142.76
	143.42	144.04	144.70	145.34	146.01	146.65	147.30	147.93	148.53	149.16
	149.79	150.43	151.07	151.71	152.36	153.01	153.61	154.24	154.90	155.53
	156.21	156.86	157.49	159.23	159.79	160.82	161.30	161.78	163.37	163.85
	165.16	166.90	167.31	169.09	170.50	170.99	172.50	172.99	174.66	175.09
	175.53	177.07	178.29	179.47	179.83	181.73	181.78	182.93	188.02	194.73
	204.80	208.16
	56.50	42.91	41.41	40.69	40.10	40.12	40.22	40.19	40.25	40.23
	40.25	40.23	40.21	40.33	40.33	40.30	40.26	40.21	40.04	39.94
	39.86	39.79	39.80	39.83	39.79	39.80	39.77	39.77	39.78	39.75
	39.75	39.75	39.73	39.74	39.73	39.73	39.69	39.67	39.66	39.60
	39.54	39.39	39.25	39.15	39.02	38.89	38.74	38.61	38.46	38.35
	37.93	37.67	37.45	37.36	37.45	37.48	37.71	37.61	37.59	37.70
	37.77	37.69	37.74	37.70	37.67	37.70	37.64	37.58	37.60	37.59
	37.64	37.64	37.70	37.73	37.67	37.82	37.54	37.49	37.53	37.51
	37.50	37.46	37.34	37.38	37.68	37.81	37.91	37.85	37.77	37.72
	37.81	37.78	37.70	37.61	37.56	37.53	37.68	37.82	38.03	38.15
	38.21	38.28	38.35	38.45	38.48	38.43	38.37	38.42	38.43	38.52
	38.51	38.53	38.60	38.68	38.83	38.91	39.04	39.13	39.31	39.43
	39.51	39.54	39.62	40.02	40.06	39.76	39.48	39.34	38.73	38.75
	39.03	39.61	39.75	40.06	39.84	39.70	39.59	39.51	39.49	39.52
	39.65	39.92	39.83	39.79	39.80	39.93	39.94	40.02	40.69	41.95
	44.24	59.04
1	YH	14	YH135
152	0.94	11.43
38.71	0.00	0.00	0.00	0.00
	0.00	7.82	14.22	28.60	32.05	32.94	33.87	34.77	35.33	35.87
	36.44	37.02	38.76	40.62	41.28	42.61	43.27	43.90	45.06	45.59
	46.10	47.69	48.20	49.33	49.88	50.41	51.53	52.12	52.74	53.95
	54.58	55.23	56.52	57.18	58.50	59.17	59.81	60.51	61.24	61.98
	62.71	64.15	64.85	65.58	66.30	67.02	67.76	68.54	70.07	70.86
	71.61	72.38	73.17	73.97	74.76	75.55	76.37	77.18	77.95	78.72
	79.52	80.33	81.12	81.95	82.76	83.59	84.38	85.22	86.04	86.81
	87.59	88.34	89.07	89.80	90.50	91.14	91.78	92.40	93.02	93.62
	94.80	95.39	96.51	97.07	97.65	98.18	98.73	99.30	99.86	100.41
	101.50	102.04	102.57	103.09	103.60	104.10	104.60	105.10	105.59	106.06
	106.55	107.02	107.51	107.98	108.48	108.95	109.44	109.90	110.35	110.82
	111.28	111.76	112.24	112.71	113.19	113.68	114.13	114.59	115.08	115.55
	116.05	116.54	117.00	118.30	118.71	119.48	119.84	120.19	121.38	121.73
	122.71	123.99	124.30	125.62	126.67	127.04	128.16	128.52	129.76	130.08
	130.40	131.55	132.46	133.33	133.61	135.01	135.05	135.91	139.68	144.67
	152.16	154.65
	55.99	42.40	40.90	40.18	39.59	39.61	39.71	39.68	39.74	39.72
	39.74	39.72	39.70	39.82	39.82	39.79	39.75	39.70	39.53	39.43
	39.35	39.28	39.29	39.32	39.28	39.29	39.26	39.26	39.27	39.24
	39.24	39.24	39.22	39.23	39.22	39.22	39.18	39.16	39.15	39.09
	39.03	38.88	38.74	38.64	38.51	38.38	38.23	38.10	37.95	37.84
	37.42	37.16	36.94	36.85	36.94	36.97	37.20	37.10	37.08	37.19
	37.26	37.18	37.23	37.19	37.16	37.19	37.13	37.07	37.09	37.08
	37.13	37.13	37.19	37.22	37.16	37.31	37.03	36.98	37.02	37.00
	36.99	36.95	36.83	36.87	37.17	37.30	37.40	37.34	37.26	37.21
	37.30	37.27	37.19	37.10	37.05	37.02	37.17	37.31	37.52	37.64
	37.70	37.77	37.84	37.94	37.97	37.92	37.86	37.91	37.92	38.01
	38.00	38.02	38.09	38.17	38.32	38.40	38.53	38.62	38.80	38.92
	39.00	39.03	39.11	39.51	39.55	39.25	38.97	38.83	38.22	38.24
	38.52	39.10	39.24	39.55	39.33	39.19	39.08	39.00	38.98	39.01
	39.14	39.41	39.32	39.28	39.29	39.42	39.43	39.51	40.18	41.44
	43.73	58.53
1	YH	15	YH136
152	1.04	12.48
38.21	0.00	0.00	0.00	0.00
	0.00	18.35	33.39	67.17	75.27	77.36	79.53	81.66	82.97	84.23
	85.58	86.93	91.03	95.38	96.95	100.07	101.61	103.10	105.81	107.06
	108.27	112.00	113.19	115.85	117.14	118.38	121.00	122.39	123.85	126.70
	128.19	129.71	132.74	134.28	137.38	138.97	140.47	142.11	143.83	145.56
	147.26	150.66	152.30	154.02	155.70	157.38	159.14	160.95	164.54	166.40
	168.18	169.97	171.83	173.70	175.56	177.41	179.34	181.26	183.05	184.87
	186.74	188.64	190.49	192.45	194.36	196.29	198.17	200.12	202.05	203.87
	205.70	207.46	209.18	210.88	212.54	214.04	215.53	216.99	218.45	219.86
	222.63	224.02	226.64	227.96	229.31	230.56	231.87	233.20	234.50	235.81
	238.37	239.62	240.87	242.10	243.29	244.46	245.63	246.81	247.96	249.07
	250.22	251.32	252.47	253.58	254.75	255.87	257.00	258.09	259.15	260.24
	261.33	262.47	263.58	264.69	265.82	266.96	268.01	269.10	270.26	271.35
	272.54	273.67	274.77	277.81	278.79	280.59	281.43	282.27	285.04	285.88
	288.16	291.19	291.91	295.02	297.48	298.33	300.97	301.81	304.74	305.48
	306.24	308.94	311.07	313.12	313.76	317.06	317.16	319.17	328.03	339.75
	357.32	363.18
	55.49	41.90	40.40	39.68	39.09	39.11	39.21	39.18	39.24	39.22
	39.24	39.22	39.20	39.32	39.32	39.29	39.25	39.20	39.03	38.93
	38.85	38.78	38.79	38.82	38.78	38.79	38.76	38.76	38.77	38.74
	38.74	38.74	38.72	38.73	38.72	38.72	38.68	38.66	38.65	38.59
	38.53	38.38	38.24	38.14	38.01	37.88	37.73	37.60	37.45	37.34
	36.92	36.66	36.44	36.35	36.44	36.47	36.70	36.60	36.58	36.69
	36.76	36.68	36.73	36.69	36.66	36.69	36.63	36.57	36.59	36.58
	36.63	36.63	36.69	36.72	36.66	36.81	36.53	36.48	36.52	36.50
	36.49	36.45	36.33	36.37	36.67	36.80	36.90	36.84	36.76	36.71
	36.80	36.77	36.69	36.60	36.55	36.52	36.67	36.81	37.02	37.14
	37.20	37.27	37.34	37.44	37.47	37.42	37.36	37.41	37.42	37.51
	37.50	37.52	37.59	37.67	37.82	37.90	38.03	38.12	38.30	38.42
	38.50	38.53	38.61	39.01	39.05	38.75	38.47	38.33	37.72	37.74
	38.02	38.60	38.74	39.05	38.83	38.69	38.58	38.50	38.48	38.51
	38.64	38.91	38.82	38.78	38.79	38.92	38.93	39.01	39.68	40.94
	43.23	58.03
1	YH	16	YH137
152	2.03	14.51
37.70	0.00	0.00	0.00	0.00
	0.00	11.12	20.22	40.68	45.59	46.85	48.17	49.46	50.25	51.02
	51.83	52.65	55.13	57.77	58.72	60.61	61.54	62.44	64.08	64.84
	65.57	67.83	68.55	70.16	70.94	71.70	73.28	74.12	75.01	76.74
	77.64	78.56	80.39	81.33	83.21	84.16	85.07	86.07	87.11	88.16
	89.19	91.25	92.24	93.28	94.30	95.32	96.38	97.48	99.66	100.78
	101.86	102.94	104.07	105.20	106.33	107.45	108.62	109.78	110.87	111.97
	113.10	114.25	115.37	116.56	117.71	118.88	120.02	121.20	122.37	123.47
	124.58	125.65	126.69	127.72	128.72	129.63	130.53	131.42	132.31	133.16
	134.84	135.68	137.26	138.07	138.88	139.64	140.43	141.24	142.03	142.82
	144.37	145.13	145.88	146.63	147.35	148.06	148.77	149.48	150.18	150.85
	151.55	152.21	152.91	153.58	154.29	154.97	155.65	156.31	156.95	157.61
	158.28	158.96	159.64	160.31	161.00	161.68	162.32	162.98	163.68	164.34
	165.06	165.75	166.41	168.26	168.85	169.94	170.45	170.95	172.63	173.14
	174.53	176.36	176.80	178.68	180.17	180.69	182.28	182.79	184.57	185.01
	185.48	187.11	188.40	189.64	190.03	192.03	192.09	193.30	198.67	205.77
	216.41	219.96
	54.98	41.39	39.89	39.17	38.58	38.60	38.70	38.67	38.73	38.71
	38.73	38.71	38.69	38.81	38.81	38.78	38.74	38.69	38.52	38.42
	38.34	38.27	38.28	38.31	38.27	38.28	38.25	38.25	38.26	38.23
	38.23	38.23	38.21	38.22	38.21	38.21	38.17	38.15	38.14	38.08
	38.02	37.87	37.73	37.63	37.50	37.37	37.22	37.09	36.94	36.83
	36.41	36.15	35.93	35.84	35.93	35.96	36.19	36.09	36.07	36.18
	36.25	36.17	36.22	36.18	36.15	36.18	36.12	36.06	36.08	36.07
	36.12	36.12	36.18	36.21	36.15	36.30	36.02	35.97	36.01	35.99
	35.98	35.94	35.82	35.86	36.16	36.29	36.39	36.33	36.25	36.20
	36.29	36.26	36.18	36.09	36.04	36.01	36.16	36.30	36.51	36.63
	36.69	36.76	36.83	36.93	36.96	36.91	36.85	36.90	36.91	37.00
	36.99	37.01	37.08	37.16	37.31	37.39	37.52	37.61	37.79	37.91
	37.99	38.02	38.10	38.50	38.54	38.24	37.96	37.82	37.21	37.23
	37.51	38.09	38.23	38.54	38.32	38.18	38.07	37.99	37.97	38.00
	38.13	38.40	38.31	38.27	38.28	38.41	38.42	38.50	39.17	40.43
	42.72	57.52
1	YH	17	YH138-02
152	2.12	16.64
37.20	0.00	0.00	0.00	0.00
	0.00	17.00	30.93	62.22	69.73	71.66	73.67	75.64	76.85	78.03
	79.28	80.52	84.32	88.36	89.80	92.70	94.13	95.50	98.01	99.17
	100.29	103.75	104.85	107.31	108.50	109.66	112.09	113.37	114.73	117.37
	118.74	120.15	122.96	124.38	127.26	128.73	130.12	131.64	133.23	134.84
	136.41	139.56	141.08	142.67	144.23	145.78	147.41	149.09	152.42	154.14
	155.78	157.45	159.17	160.90	162.62	164.34	166.13	167.90	169.57	171.25
	172.98	174.74	176.46	178.27	180.04	181.83	183.57	185.37	187.17	188.85
	190.55	192.18	193.77	195.34	196.88	198.27	199.65	201.00	202.36	203.66
	206.23	207.51	209.94	211.17	212.41	213.57	214.78	216.01	217.23	218.44
	220.81	221.96	223.12	224.26	225.37	226.45	227.54	228.62	229.69	230.72
	231.79	232.80	233.87	234.90	235.98	237.01	238.06	239.08	240.05	241.06
	242.08	243.13	244.16	245.19	246.24	247.29	248.26	249.28	250.34	251.36
	252.46	253.51	254.52	257.34	258.25	259.91	260.69	261.47	264.04	264.81
	266.93	269.73	270.40	273.28	275.56	276.35	278.79	279.57	282.29	282.97
	283.68	286.17	288.15	290.04	290.64	293.70	293.79	295.65	303.86	314.72
	330.99	336.42
	54.48	40.89	39.39	38.67	38.08	38.10	38.20	38.17	38.23	38.21
	38.23	38.21	38.19	38.31	38.31	38.28	38.24	38.19	38.02	37.92
	37.84	37.77	37.78	37.81	37.77	37.78	37.75	37.75	37.76	37.73
	37.73	37.73	37.71	37.72	37.71	37.71	37.67	37.65	37.64	37.58
	37.52	37.37	37.23	37.13	37.00	36.87	36.72	36.59	36.44	36.33
	35.91	35.65	35.43	35.34	35.43	35.46	35.69	35.59	35.57	35.68
	35.75	35.67	35.72	35.68	35.65	35.68	35.62	35.56	35.58	35.57
	35.62	35.62	35.68	35.71	35.65	35.80	35.52	35.47	35.51	35.49
	35.48	35.44	35.32	35.36	35.66	35.79	35.89	35.83	35.75	35.70
	35.79	35.76	35.68	35.59	35.54	35.51	35.66	35.80	36.01	36.13
	36.19	36.26	36.33	36.43	36.46	36.41	36.35	36.40	36.41	36.50
	36.49	36.51	36.58	36.66	36.81	36.89	37.02	37.11	37.29	37.41
	37.49	37.52	37.60	38.00	38.04	37.74	37.46	37.32	36.71	36.73
	37.01	37.59	37.73	38.04	37.82	37.68	37.57	37.49	37.47	37.50
	37.63	37.90	37.81	37.77	37.78	37.91	37.92	38.00	38.67	39.93
	42.22	57.02
1	YH	18	YH139
152	1.02	17.66
36.70	0.00	0.00	0.00	0.00
	0.00	22.57	41.06	82.61	92.58	95.15	97.81	100.43	102.04	103.60
	105.26	106.91	111.96	117.31	119.23	123.07	124.97	126.80	130.13	131.67
	133.16	137.75	139.21	142.48	144.06	145.60	148.82	150.52	152.32	155.83
	157.66	159.53	163.25	165.15	168.97	170.91	172.76	174.78	176.89	179.03
	181.12	185.30	187.31	189.43	191.49	193.56	195.72	197.95	202.37	204.65
	206.84	209.05	211.33	213.63	215.91	218.20	220.57	222.93	225.14	227.37
	229.67	232.00	234.29	236.69	239.04	241.42	243.72	246.12	248.50	250.74
	252.99	255.15	257.27	259.36	261.40	263.25	265.07	266.87	268.67	270.40
	273.81	275.52	278.74	280.37	282.03	283.56	285.17	286.81	288.41	290.02
	293.17	294.71	296.24	297.76	299.22	300.66	302.10	303.54	304.96	306.33
	307.75	309.09	310.51	311.88	313.32	314.69	316.08	317.42	318.72	320.07
	321.41	322.80	324.17	325.54	326.93	328.33	329.62	330.97	332.38	333.73
	335.19	336.59	337.93	341.68	342.88	345.09	346.12	347.15	350.56	351.60
	354.41	358.13	359.02	362.84	365.86	366.92	370.16	371.19	374.79	375.71
	376.64	379.96	382.58	385.10	385.89	389.95	390.07	392.54	403.44	417.85
	439.47	446.67
	53.98	40.39	38.89	38.17	37.58	37.60	37.70	37.67	37.73	37.71
	37.73	37.71	37.69	37.81	37.81	37.78	37.74	37.69	37.52	37.42
	37.34	37.27	37.28	37.31	37.27	37.28	37.25	37.25	37.26	37.23
	37.23	37.23	37.21	37.22	37.21	37.21	37.17	37.15	37.14	37.08
	37.02	36.87	36.73	36.63	36.50	36.37	36.22	36.09	35.94	35.83
	35.41	35.15	34.93	34.84	34.93	34.96	35.19	35.09	35.07	35.18
	35.25	35.17	35.22	35.18	35.15	35.18	35.12	35.06	35.08	35.07
	35.12	35.12	35.18	35.21	35.15	35.30	35.02	34.97	35.01	34.99
	34.98	34.94	34.82	34.86	35.16	35.29	35.39	35.33	35.25	35.20
	35.29	35.26	35.18	35.09	35.04	35.01	35.16	35.30	35.51	35.63
	35.69	35.76	35.83	35.93	35.96	35.91	35.85	35.90	35.91	36.00
	35.99	36.01	36.08	36.16	36.31	36.39	36.52	36.61	36.79	36.91
	36.99	37.02	37.10	37.50	37.54	37.24	36.96	36.82	36.21	36.23
	36.51	37.09	37.23	37.54	37.32	37.18	37.07	36.99	36.97	37.00
	37.13	37.40	37.31	37.27	37.28	37.41	37.42	37.50	38.17	39.43
	41.72	56.52
1	YH	19	YH140
152	1.40	19.06
36.19	0.00	0.00	0.00	0.00
	0.00	9.84	17.91	36.03	40.37	41.49	42.66	43.80	44.50	45.18
	45.90	46.63	48.83	51.16	52.00	53.67	54.50	55.30	56.75	57.42
	58.07	60.07	60.71	62.14	62.83	63.50	64.90	65.65	66.43	67.96
	68.76	69.57	71.20	72.02	73.69	74.54	75.34	76.22	77.14	78.08
	78.99	80.81	81.69	82.61	83.51	84.41	85.36	86.33	88.26	89.25
	90.20	91.17	92.16	93.17	94.16	95.16	96.20	97.22	98.19	99.16
	100.16	101.18	102.18	103.22	104.25	105.29	106.29	107.34	108.38	109.35
	110.33	111.28	112.20	113.11	114.00	114.81	115.60	116.39	117.17	117.93
	119.41	120.16	121.56	122.27	123.00	123.67	124.37	125.08	125.78	126.48
	127.86	128.53	129.20	129.86	130.50	131.12	131.75	132.38	133.00	133.60
	134.21	134.80	135.42	136.01	136.64	137.24	137.85	138.43	139.00	139.59
	140.17	140.78	141.38	141.97	142.58	143.19	143.75	144.34	144.96	145.54
	146.18	146.79	147.38	149.01	149.54	150.50	150.95	151.40	152.89	153.34
	154.56	156.19	156.57	158.24	159.56	160.02	161.43	161.88	163.45	163.85
	164.26	165.71	166.85	167.95	168.29	170.06	170.11	171.19	175.95	182.23
	191.66	194.80
	53.47	39.88	38.38	37.66	37.07	37.09	37.19	37.16	37.22	37.20
	37.22	37.20	37.18	37.30	37.30	37.27	37.23	37.18	37.01	36.91
	36.83	36.76	36.77	36.80	36.76	36.77	36.74	36.74	36.75	36.72
	36.72	36.72	36.70	36.71	36.70	36.70	36.66	36.64	36.63	36.57
	36.51	36.36	36.22	36.12	35.99	35.86	35.71	35.58	35.43	35.32
	34.90	34.64	34.42	34.33	34.42	34.45	34.68	34.58	34.56	34.67
	34.74	34.66	34.71	34.67	34.64	34.67	34.61	34.55	34.57	34.56
	34.61	34.61	34.67	34.70	34.64	34.79	34.51	34.46	34.50	34.48
	34.47	34.43	34.31	34.35	34.65	34.78	34.88	34.82	34.74	34.69
	34.78	34.75	34.67	34.58	34.53	34.50	34.65	34.79	35.00	35.12
	35.18	35.25	35.32	35.42	35.45	35.40	35.34	35.39	35.40	35.49
	35.48	35.50	35.57	35.65	35.80	35.88	36.01	36.10	36.28	36.40
	36.48	36.51	36.59	36.99	37.03	36.73	36.45	36.31	35.70	35.72
	36.00	36.58	36.72	37.03	36.81	36.67	36.56	36.48	36.46	36.49
	36.62	36.89	36.80	36.76	36.77	36.90	36.91	36.99	37.66	38.92
	41.21	56.01
1	YH	20	YH141
152	0.68	19.73
35.69	0.00	0.00	0.00	0.00
	0.00	7.17	13.03	26.22	29.39	30.20	31.05	31.88	32.39	32.88
	33.41	33.94	35.54	37.24	37.85	39.07	39.67	40.25	41.31	41.79
	42.27	43.72	44.19	45.22	45.73	46.22	47.24	47.78	48.35	49.46
	50.04	50.64	51.82	52.42	53.63	54.25	54.84	55.48	56.15	56.83
	57.49	58.82	59.46	60.13	60.78	61.44	62.12	62.83	64.24	64.96
	65.65	66.35	67.08	67.81	68.53	69.26	70.01	70.76	71.46	72.17
	72.90	73.64	74.37	75.13	75.88	76.63	77.36	78.12	78.88	79.59
	80.30	80.99	81.66	82.32	82.97	83.56	84.14	84.71	85.28	85.83
	86.91	87.45	88.48	88.99	89.52	90.01	90.52	91.04	91.55	92.06
	93.06	93.54	94.03	94.51	94.98	95.43	95.89	96.35	96.80	97.23
	97.68	98.11	98.56	98.99	99.45	99.89	100.33	100.76	101.17	101.59
	102.02	102.46	102.90	103.33	103.77	104.22	104.63	105.05	105.50	105.93
	106.40	106.84	107.26	108.45	108.84	109.54	109.86	110.19	111.27	111.60
	112.49	113.68	113.96	115.17	116.13	116.47	117.49	117.82	118.97	119.26
	119.55	120.60	121.44	122.24	122.49	123.78	123.81	124.60	128.06	132.63
	139.49	141.78
	52.97	39.38	37.88	37.16	36.57	36.59	36.69	36.66	36.72	36.70
	36.72	36.70	36.68	36.80	36.80	36.77	36.73	36.68	36.51	36.41
	36.33	36.26	36.27	36.30	36.26	36.27	36.24	36.24	36.25	36.22
	36.22	36.22	36.20	36.21	36.20	36.20	36.16	36.14	36.13	36.07
	36.01	35.86	35.72	35.62	35.49	35.36	35.21	35.08	34.93	34.82
	34.40	34.14	33.92	33.83	33.92	33.95	34.18	34.08	34.06	34.17
	34.24	34.16	34.21	34.17	34.14	34.17	34.11	34.05	34.07	34.06
	34.11	34.11	34.17	34.20	34.14	34.29	34.01	33.96	34.00	33.98
	33.97	33.93	33.81	33.85	34.15	34.28	34.38	34.32	34.24	34.19
	34.28	34.25	34.17	34.08	34.03	34.00	34.15	34.29	34.50	34.62
	34.68	34.75	34.82	34.92	34.95	34.90	34.84	34.89	34.90	34.99
	34.98	35.00	35.07	35.15	35.30	35.38	35.51	35.60	35.78	35.90
	35.98	36.01	36.09	36.49	36.53	36.23	35.95	35.81	35.20	35.22
	35.50	36.08	36.22	36.53	36.31	36.17	36.06	35.98	35.96	35.99
	36.12	36.39	36.30	36.26	36.27	36.40	36.41	36.49	37.16	38.42
	40.71	55.51
1	YH	21	YH142
152	0.78	20.52
35.19	0.00	0.00	0.00	0.00
	0.00	9.77	17.77	35.75	40.07	41.18	42.33	43.46	44.16	44.84
	45.55	46.27	48.45	50.77	51.60	53.26	54.09	54.88	56.32	56.98
	57.63	59.61	60.25	61.66	62.35	63.01	64.41	65.14	65.92	67.44
	68.23	69.04	70.65	71.47	73.13	73.97	74.77	75.64	76.55	77.48
	78.38	80.19	81.07	81.98	82.87	83.77	84.70	85.67	87.58	88.57
	89.52	90.47	91.46	92.46	93.44	94.43	95.46	96.48	97.43	98.40
	99.40	100.41	101.39	102.43	103.45	104.48	105.48	106.52	107.55	108.51
	109.49	110.43	111.34	112.24	113.13	113.93	114.72	115.50	116.28	117.03
	118.50	119.24	120.63	121.34	122.06	122.72	123.42	124.12	124.82	125.52
	126.88	127.54	128.21	128.86	129.50	130.12	130.74	131.37	131.98	132.57
	133.19	133.77	134.38	134.97	135.60	136.19	136.79	137.37	137.94	138.52
	139.10	139.70	140.30	140.89	141.49	142.09	142.65	143.24	143.85	144.43
	145.07	145.67	146.25	147.87	148.39	149.35	149.79	150.24	151.72	152.16
	153.38	154.99	155.38	157.03	158.34	158.79	160.20	160.64	162.20	162.60
	163.00	164.44	165.57	166.66	167.01	168.76	168.81	169.88	174.60	180.84
	190.19	193.31
	52.47	38.88	37.38	36.66	36.07	36.09	36.19	36.16	36.22	36.20
	36.22	36.20	36.18	36.30	36.30	36.27	36.23	36.18	36.01	35.91
	35.83	35.76	35.77	35.80	35.76	35.77	35.74	35.74	35.75	35.72
	35.72	35.72	35.70	35.71	35.70	35.70	35.66	35.64	35.63	35.57
	35.51	35.36	35.22	35.12	34.99	34.86	34.71	34.58	34.43	34.32
	33.90	33.64	33.42	33.33	33.42	33.45	33.68	33.58	33.56	33.67
	33.74	33.66	33.71	33.67	33.64	33.67	33.61	33.55	33.57	33.56
	33.61	33.61	33.67	33.70	33.64	33.79	33.51	33.46	33.50	33.48
	33.47	33.43	33.31	33.35	33.65	33.78	33.88	33.82	33.74	33.69
	33.78	33.75	33.67	33.58	33.53	33.50	33.65	33.79	34.00	34.12
	34.18	34.25	34.32	34.42	34.45	34.40	34.34	34.39	34.40	34.49
	34.48	34.50	34.57	34.65	34.80	34.88	35.01	35.10	35.28	35.40
	35.48	35.51	35.59	35.99	36.03	35.73	35.45	35.31	34.70	34.72
	35.00	35.58	35.72	36.03	35.81	35.67	35.56	35.48	35.46	35.49
	35.62	35.89	35.80	35.76	35.77	35.90	35.91	35.99	36.66	37.92
	40.21	55.01
1	YH	22	YH143
152	1.24	21.76
34.68	0.00	0.00	0.00	0.00
	0.00	8.66	15.76	31.71	35.53	36.52	37.54	38.54	39.16	39.76
	40.40	41.03	42.97	45.02	45.76	47.24	47.96	48.66	49.95	50.53
	51.11	52.87	53.43	54.68	55.29	55.88	57.12	57.77	58.46	59.81
	60.51	61.23	62.65	63.38	64.85	65.60	66.30	67.08	67.89	68.71
	69.51	71.12	71.89	72.70	73.49	74.29	75.12	75.97	77.67	78.54
	79.38	80.23	81.11	81.99	82.87	83.74	84.66	85.56	86.41	87.26
	88.15	89.04	89.92	90.84	91.74	92.66	93.54	94.46	95.37	96.23
	97.10	97.93	98.74	99.54	100.32	101.03	101.73	102.42	103.12	103.78
	105.09	105.74	106.98	107.60	108.24	108.83	109.45	110.07	110.69	111.31
	112.52	113.11	113.70	114.28	114.84	115.39	115.95	116.50	117.04	117.57
	118.11	118.63	119.17	119.70	120.25	120.78	121.31	121.83	122.32	122.84
	123.36	123.89	124.42	124.94	125.48	126.01	126.51	127.02	127.57	128.08
	128.65	129.18	129.70	131.13	131.60	132.44	132.84	133.24	134.54	134.94
	136.02	137.45	137.79	139.25	140.42	140.82	142.07	142.46	143.84	144.19
	144.55	145.83	146.83	147.80	148.10	149.66	149.71	150.66	154.84	160.37
	168.67	171.43
	51.96	38.37	36.87	36.15	35.56	35.58	35.68	35.65	35.71	35.69
	35.71	35.69	35.67	35.79	35.79	35.76	35.72	35.67	35.50	35.40
	35.32	35.25	35.26	35.29	35.25	35.26	35.23	35.23	35.24	35.21
	35.21	35.21	35.19	35.20	35.19	35.19	35.15	35.13	35.12	35.06
	35.00	34.85	34.71	34.61	34.48	34.35	34.20	34.07	33.92	33.81
	33.39	33.13	32.91	32.82	32.91	32.94	33.17	33.07	33.05	33.16
	33.23	33.15	33.20	33.16	33.13	33.16	33.10	33.04	33.06	33.05
	33.10	33.10	33.16	33.19	33.13	33.28	33.00	32.95	32.99	32.97
	32.96	32.92	32.80	32.84	33.14	33.27	33.37	33.31	33.23	33.18
	33.27	33.24	33.16	33.07	33.02	32.99	33.14	33.28	33.49	33.61
	33.67	33.74	33.81	33.91	33.94	33.89	33.83	33.88	33.89	33.98
	33.97	33.99	34.06	34.14	34.29	34.37	34.50	34.59	34.77	34.89
	34.97	35.00	35.08	35.48	35.52	35.22	34.94	34.80	34.19	34.21
	34.49	35.07	35.21	35.52	35.30	35.16	35.05	34.97	34.95	34.98
	35.11	35.38	35.29	35.25	35.26	35.39	35.40	35.48	36.15	37.41
	39.70	54.50
1	YH	23	KMJRK
152	0.95	22.71
34.18	0.00	0.00	0.00	0.00
	0.00	9.40	17.10	34.40	38.55	39.62	40.73	41.82	42.49	43.14
	43.83	44.52	46.62	48.85	49.65	51.25	52.04	52.80	54.19	54.83
	55.45	57.36	57.97	59.33	59.99	60.63	61.97	62.68	63.43	64.89
	65.65	66.43	67.98	68.77	70.36	71.17	71.94	72.78	73.66	74.55
	75.42	77.16	78.00	78.88	79.74	80.60	81.50	82.43	84.27	85.22
	86.13	87.05	88.00	88.96	89.91	90.86	91.85	92.83	93.75	94.68
	95.64	96.61	97.56	98.56	99.54	100.53	101.49	102.49	103.48	104.41
	105.35	106.25	107.13	108.00	108.85	109.62	110.38	111.13	111.88	112.60
	114.02	114.73	116.07	116.75	117.44	118.08	118.75	119.43	120.10	120.77
	122.08	122.72	123.36	123.99	124.60	125.20	125.80	126.40	126.99	127.56
	128.15	128.71	129.30	129.87	130.47	131.04	131.62	132.18	132.72	133.28
	133.84	134.42	134.99	135.56	136.14	136.72	137.26	137.82	138.41	138.97
	139.58	140.16	140.72	142.28	142.78	143.70	144.13	144.56	145.98	146.41
	147.58	149.13	149.50	151.09	152.35	152.79	154.14	154.57	156.07	156.45
	156.84	158.22	159.31	160.36	160.69	162.38	162.43	163.46	168.00	174.00
	183.00	186.00
	51.46	37.87	36.37	35.65	35.06	35.08	35.18	35.15	35.21	35.19
	35.21	35.19	35.17	35.29	35.29	35.26	35.22	35.17	35.00	34.90
	34.82	34.75	34.76	34.79	34.75	34.76	34.73	34.73	34.74	34.71
	34.71	34.71	34.69	34.70	34.69	34.69	34.65	34.63	34.62	34.56
	34.50	34.35	34.21	34.11	33.98	33.85	33.70	33.57	33.42	33.31
	32.89	32.63	32.41	32.32	32.41	32.44	32.67	32.57	32.55	32.66
	32.73	32.65	32.70	32.66	32.63	32.66	32.60	32.54	32.56	32.55
	32.60	32.60	32.66	32.69	32.63	32.78	32.50	32.45	32.49	32.47
	32.46	32.42	32.30	32.34	32.64	32.77	32.87	32.81	32.73	32.68
	32.77	32.74	32.66	32.57	32.52	32.49	32.64	32.78	32.99	33.11
	33.17	33.24	33.31	33.41	33.44	33.39	33.33	33.38	33.39	33.48
	33.47	33.49	33.56	33.64	33.79	33.87	34.00	34.09	34.27	34.39
	34.47	34.50	34.58	34.98	35.02	34.72	34.44	34.30	33.69	33.71
	33.99	34.57	34.71	35.02	34.80	34.66	34.55	34.47	34.45	34.48
	34.61	34.88	34.79	34.75	34.76	34.89	34.90	34.98	35.65	36.91
	39.20	54.00
1	YH	24	YH145-01
13	1.16	23.87
39.83	0.00	0.00	0.00	0.00
	0.00	12.43	29.84	48.48	49.73	149.18	161.61	186.48	203.88	211.34
	215.07	218.80	222.53
	51.35	40.75	40.55	38.95	36.75	32.15	33.55	34.35	37.35	38.15
	40.55	40.75	52.55
1	YH	25	YH146
13	1.64	25.51
39.68	0.00	0.00	0.00	0.00
	0.00	10.05	24.12	39.20	40.21	120.62	130.67	150.77	164.84	170.87
	173.89	176.90	179.92
	51.20	40.60	40.40	38.80	36.60	32.00	33.40	34.20	37.20	38.00
	40.40	40.60	52.40
1	YH	26	YH147
13	1.06	26.57
39.52	0.00	0.00	0.00	0.00
	0.00	8.20	19.69	31.99	32.81	98.43	106.63	123.03	134.52	139.44
	141.90	144.36	146.82
	51.04	40.44	40.24	38.64	36.44	31.84	33.24	34.04	37.04	37.84
	40.24	40.44	52.24
1	YH	27	YH148
13	1.04	27.62
39.37	0.00	0.00	0.00	0.00
	0.00	11.45	27.49	44.67	45.82	137.46	148.91	171.82	187.86	194.73
	198.17	201.60	205.04
	50.89	40.29	40.09	38.49	36.29	31.69	33.09	33.89	36.89	37.69
	40.09	40.29	52.09
1	YH	28	YH149
13	0.80	28.42
39.22	0.00	0.00	0.00	0.00
	0.00	9.05	21.73	35.31	36.22	108.65	117.70	135.81	148.49	153.92
	156.64	159.35	162.07
	50.74	40.14	39.94	38.34	36.14	31.54	32.94	33.74	36.74	37.54
	39.94	40.14	51.94
1	YH	29	YH150
13	0.61	29.02
39.07	0.00	0.00	0.00	0.00
	0.00	9.67	23.22	37.73	38.69	116.08	125.75	145.10	158.64	164.44
	167.35	170.25	173.15
	50.59	39.99	39.79	38.19	35.99	31.39	32.79	33.59	36.59	37.39
	39.79	39.99	51.79
1	YH	30	YH151
13	1.06	30.09
38.92	0.00	0.00	0.00	0.00
	0.00	16.76	40.21	65.35	67.02	201.07	217.83	251.34	274.80	284.85
	289.88	294.90	299.93
	50.44	39.84	39.64	38.04	35.84	31.24	32.64	33.44	36.44	37.24
	39.64	39.84	51.64
1	YH	31	YH152
13	1.21	31.29
38.77	0.00	0.00	0.00	0.00
	0.00	7.57	18.16	29.51	30.26	90.79	98.36	113.49	124.08	128.62
	130.89	133.16	135.43
	50.29	39.69	39.49	37.89	35.69	31.09	32.49	33.29	36.29	37.09
	39.49	39.69	51.49
1	YH	32	YH153
13	0.82	32.12
38.62	0.00	0.00	0.00	0.00
	0.00	7.67	18.40	29.90	30.66	91.99	99.66	114.99	125.72	130.32
	132.62	134.92	137.22
	50.14	39.54	39.34	37.74	35.54	30.94	32.34	33.14	36.14	36.94
	39.34	39.54	51.34
1	YH	33	YH154
13	1.57	33.69
39.23	0.00	0.00	0.00	0.00
	0.00	13.73	32.95	53.54	54.92	164.75	178.48	205.94	225.16	233.39
	237.51	241.63	245.75
	59.98	39.38	39.18	37.58	35.38	30.78	32.18	32.98	35.98	36.78
	39.18	39.38	51.18
1	YH	34	YH155
13	1.22	34.91
38.31	0.00	0.00	0.00	0.00
	0.00	11.94	28.65	46.56	47.76	143.27	155.21	179.09	195.80	202.96
	206.55	210.13	213.71
	49.83	39.23	39.03	37.43	35.23	30.63	32.03	32.83	35.83	36.63
	39.03	39.23	51.03
1	YH	35	YH156
13	0.50	35.41
38.16	0.00	0.00	0.00	0.00
	0.00	10.01	24.01	39.02	40.02	120.07	130.07	150.08	164.09	170.09
	173.10	176.10	179.10
	49.68	39.08	38.88	37.28	35.08	30.48	31.88	32.68	35.68	36.48
	38.88	39.08	50.88
1	YH	36	YH157
13	1.10	36.51
38.01	0.00	0.00	0.00	0.00
	0.00	11.17	26.80	43.55	44.67	134.00	145.17	167.51	183.14	189.84
	193.19	196.54	199.89
	49.53	38.93	38.73	37.13	34.93	30.33	31.73	32.53	35.53	36.33
	38.73	38.93	50.73
1	YH	37	YH158
13	0.89	37.40
37.86	0.00	0.00	0.00	0.00
	0.00	9.69	23.25	37.78	38.75	116.24	125.93	145.30	158.86	164.67
	167.58	170.48	173.39
	49.38	38.78	38.58	36.98	34.78	30.18	31.58	32.38	35.38	36.18
	38.58	38.78	50.58
1	YH	38	YH159
13	1.06	38.46
37.71	0.00	0.00	0.00	0.00
	0.00	7.60	18.24	29.65	30.41	91.22	98.82	114.03	124.67	129.23
	131.51	133.79	136.07
	49.23	38.63	38.43	36.83	34.63	30.03	31.43	32.23	35.23	36.03
	38.43	38.63	50.43
1	YH	39	YH160
13	1.28	39.73
37.55	0.00	0.00	0.00	0.00
	0.00	15.14	36.33	59.03	60.55	181.64	196.77	227.04	248.24	257.32
	261.86	266.40	270.94
	49.07	38.47	38.27	36.67	34.47	29.87	31.27	32.07	35.07	35.87
	38.27	38.47	50.27
1	YH	40	YH161
13	0.75	40.49
37.40	0.00	0.00	0.00	0.00
	0.00	12.32	29.57	48.04	49.28	147.83	160.15	184.78	202.03	209.42
	213.12	216.81	220.51
	48.92	38.32	38.12	36.52	34.32	29.72	31.12	31.92	34.92	35.72
	38.12	38.32	50.12
1	YH	41	YH162
13	0.80	41.28
37.25	0.00	0.00	0.00	0.00
	0.00	10.47	25.12	40.82	41.87	125.60	136.06	157.00	171.65	177.93
	181.07	184.21	187.35
	48.77	38.17	37.97	36.37	34.17	29.57	30.97	31.77	34.77	35.57
	37.97	38.17	49.97
1	YH	42	YH163
13	0.88	42.16
37.10	0.00	0.00	0.00	0.00
	0.00	11.36	27.27	44.32	45.45	136.36	147.73	170.46	186.36	193.18
	196.59	200.00	203.41
	48.62	38.02	37.82	36.22	34.02	29.42	30.82	31.62	34.62	35.42
	37.82	38.02	49.82
1	YH	43	YH164
13	0.63	42.79
36.95	0.00	0.00	0.00	0.00
	0.00	7.97	19.13	31.08	31.88	95.64	103.61	119.55	130.71	135.49
	137.88	140.27	142.66
	48.47	37.87	37.67	36.07	33.87	29.27	30.67	31.47	34.47	35.27
	37.67	37.87	49.67
1	YH	44	YH165
13	1.22	44.01
36.80	0.00	0.00	0.00	0.00
	0.00	10.49	25.18	40.91	41.96	125.89	136.38	157.36	172.04	178.34
	181.49	184.63	187.78
	48.32	37.72	37.52	35.92	33.72	29.12	30.52	31.32	34.32	35.12
	37.52	37.72	49.52
1	YH	45	YH166
13	1.47	45.49
36.64	0.00	0.00	0.00	0.00
	0.00	9.36	22.47	36.52	37.46	112.37	121.74	140.46	153.57	159.19
	162.00	164.81	167.62
	48.16	37.56	37.36	35.76	33.56	28.96	30.36	31.16	34.16	34.96
	37.36	37.56	49.36
1	YH	46	YH167
13	0.84	46.33
36.49	0.00	0.00	0.00	0.00
	0.00	7.10	17.03	27.68	28.39	85.16	92.26	106.45	116.39	120.64
	122.77	124.90	127.03
	48.01	37.41	37.21	35.61	33.41	28.81	30.21	31.01	34.01	34.81
	37.21	37.41	49.21
1	YH	47	YH168
13	1.14	47.47
36.34	0.00	0.00	0.00	0.00
	0.00	9.50	22.81	37.06	38.01	114.03	123.53	142.53	155.84	161.54
	164.39	167.24	170.09
	47.86	37.26	37.06	35.46	33.26	28.66	30.06	30.86	33.86	34.66
	37.06	37.26	49.06
1	YH	48	YH169
13	1.35	48.83
36.19	0.00	0.00	0.00	0.00
	0.00	15.41	36.98	60.10	61.64	184.91	200.32	231.14	252.72	261.96
	266.58	271.21	275.83
	47.71	37.11	36.91	35.31	33.11	28.51	29.91	30.71	33.71	34.51
	36.91	37.11	48.91
1	YH	49	YH170
13	0.56	49.39
36.04	0.00	0.00	0.00	0.00
	0.00	13.42	32.21	52.35	53.69	161.07	174.49	201.34	220.13	228.18
	232.21	236.23	240.26
	47.56	36.96	36.76	35.16	32.96	28.36	29.76	30.56	33.56	34.36
	36.76	36.96	48.76
1	YH	50	YH171
13	0.61	49.99
35.89	0.00	0.00	0.00	0.00
	0.00	12.35	29.63	48.15	49.39	148.16	160.50	185.20	202.48	209.89
	213.59	217.30	221.00
	47.41	36.81	36.61	35.01	32.81	28.21	29.61	30.41	33.41	34.21
	36.61	36.81	48.61
1	YH	51	YH172
13	0.50	50.49
35.73	0.00	0.00	0.00	0.00
	0.00	9.99	23.99	38.98	39.98	119.93	129.93	149.92	163.91	169.91
	172.90	175.90	178.90
	47.25	36.65	36.45	34.85	32.65	28.05	29.45	30.25	33.25	34.05
	36.45	36.65	48.45
1	YH	52	YH173
13	0.59	51.09
35.58	0.00	0.00	0.00	0.00
	0.00	9.98	23.96	38.93	39.93	119.80	129.78	149.75	163.73	169.72
	172.71	175.71	178.70
	47.10	36.50	36.30	34.70	32.50	27.90	29.30	30.10	33.10	33.90
	36.30	36.50	48.30
1	YH	53	YH174
13	0.65	51.74
35.43	0.00	0.00	0.00	0.00
	0.00	11.27	27.05	43.96	45.09	135.27	146.54	169.09	184.87	191.63
	195.02	198.40	201.78
	46.95	36.35	36.15	34.55	32.35	27.75	29.15	29.95	32.95	33.75
	36.15	36.35	48.15
1	YH	54	LF
13	0.67	52.41
35.28	0.00	0.00	0.00	0.00
	0.00	10.00	24.00	39.00	40.00	120.00	130.00	150.00	164.00	170.00
	173.00	176.00	179.00
	46.80	36.20	36.00	34.40	32.20	27.60	29.00	29.80	32.80	33.60
	36.00	36.20	48.00
1	YH	55	YH176
127	1.20	53.61
29.32	0.00	0.00	0.00	0.00
	0.00	8.00	20.15	83.06	86.78	91.12	93.60	104.76	109.72	110.97
	111.75	111.99	113.00	113.57	114.13	114.40	115.43	115.66	116.66	117.37
	117.98	118.57	119.17	119.75	120.90	121.67	122.20	122.87	123.35	124.21
	124.84	125.17	125.55	126.41	127.11	127.35	128.40	128.58	129.62	130.32
	130.87	131.51	132.13	132.76	133.50	134.10	134.60	135.13	135.70	136.62
	137.16	137.43	138.22	138.96	139.60	140.24	140.94	141.53	141.82	142.69
	142.87	143.94	144.50	144.69	145.85	146.06	147.02	147.28	148.24	148.53
	149.47	150.18	150.33	151.44	151.73	152.70	153.04	153.38	154.49	154.88
	155.26	156.27	156.59	157.52	157.84	158.69	158.99	159.94	160.25	161.16
	161.47	162.64	162.91	163.72	164.01	164.95	165.24	166.24	166.43	167.59
	167.80	168.33	168.94	169.78	170.54	170.73	171.90	172.30	172.72	173.56
	173.96	175.01	175.30	176.12	176.30	177.34	177.53	177.91	177.91	181.01
	204.56	208.28	208.90	212.00	242.99	250.43	260.97
	50.15	39.80	35.82	36.00	32.02	32.31	30.51	30.11	29.49	29.17
	29.04	28.98	28.80	28.82	28.86	28.82	28.66	28.60	28.45	28.23
	27.92	27.87	27.88	27.79	27.88	27.73	27.71	27.63	27.58	27.50
	27.47	27.46	27.44	27.48	27.51	27.51	27.52	27.52	27.54	27.51
	27.52	27.51	27.52	27.52	27.50	27.48	27.47	27.46	27.47	27.48
	27.50	27.50	27.50	27.50	27.50	27.54	27.66	27.80	27.36	27.61
	27.66	27.88	28.04	28.01	28.17	28.19	28.52	28.57	28.81	28.74
	28.82	28.96	28.94	28.94	28.95	29.11	29.09	29.08	28.86	28.74
	28.72	28.66	28.67	28.62	28.66	28.70	28.59	28.28	28.29	28.33
	28.35	28.33	28.33	28.28	28.27	28.26	28.27	28.07	28.02	27.82
	27.74	27.91	28.06	28.37	28.08	28.07	28.17	28.28	28.32	28.49
	28.63	28.84	28.86	28.91	28.91	28.92	28.90	29.49	30.13	32.94
	34.59	38.43	38.36	36.20	35.67	34.25	55.40
1	YH	56	YH177
127	0.97	54.58
29.08	0.00	0.00	0.00	0.00
	0.00	4.58	11.53	47.53	49.66	52.14	53.56	59.94	62.78	63.49
	63.94	64.08	64.66	64.98	65.30	65.46	66.04	66.18	66.75	67.15
	67.51	67.84	68.18	68.52	69.18	69.62	69.92	70.30	70.58	71.07
	71.43	71.62	71.84	72.33	72.73	72.87	73.47	73.57	74.16	74.56
	74.88	75.25	75.60	75.96	76.39	76.73	77.02	77.32	77.65	78.17
	78.48	78.64	79.09	79.51	79.87	80.24	80.64	80.98	81.15	81.64
	81.75	82.36	82.68	82.79	83.45	83.57	84.12	84.27	84.82	84.98
	85.52	85.93	86.02	86.65	86.82	87.37	87.56	87.76	88.40	88.62
	88.83	89.41	89.60	90.13	90.31	90.80	90.97	91.51	91.69	92.21
	92.39	93.06	93.21	93.68	93.84	94.38	94.55	95.12	95.23	95.89
	96.01	96.31	96.66	97.14	97.58	97.69	98.36	98.58	98.83	99.31
	99.54	100.14	100.30	100.77	100.87	101.47	101.58	101.79	101.79	103.57
	117.04	119.17	119.53	121.30	139.03	143.29	149.32
	49.91	39.56	35.58	35.76	31.78	32.07	30.27	29.87	29.25	28.93
	28.80	28.74	28.56	28.58	28.62	28.58	28.42	28.36	28.21	27.99
	27.68	27.63	27.64	27.55	27.64	27.49	27.47	27.39	27.34	27.26
	27.23	27.22	27.20	27.24	27.27	27.27	27.28	27.28	27.30	27.27
	27.28	27.27	27.28	27.28	27.26	27.24	27.23	27.22	27.23	27.24
	27.26	27.26	27.26	27.26	27.26	27.30	27.42	27.56	27.12	27.37
	27.42	27.64	27.80	27.77	27.93	27.95	28.28	28.33	28.57	28.50
	28.58	28.72	28.70	28.70	28.71	28.87	28.85	28.84	28.62	28.50
	28.48	28.42	28.43	28.38	28.42	28.46	28.35	28.04	28.05	28.09
	28.11	28.09	28.09	28.04	28.03	28.02	28.03	27.83	27.78	27.58
	27.50	27.67	27.82	28.13	27.84	27.83	27.93	28.04	28.08	28.25
	28.39	28.60	28.62	28.67	28.67	28.68	28.66	29.25	29.89	32.70
	34.35	38.19	38.12	35.96	35.43	34.01	55.16
1	YH	57	YH178
127	1.96	56.54
28.84	0.00	0.00	0.00	0.00
	0.00	4.69	11.80	48.67	50.85	53.39	54.85	61.39	64.29	65.03
	65.48	65.62	66.22	66.55	66.87	67.03	67.64	67.78	68.36	68.77
	69.13	69.48	69.83	70.17	70.84	71.29	71.60	72.00	72.28	72.78
	73.15	73.34	73.57	74.07	74.48	74.63	75.24	75.34	75.95	76.36
	76.69	77.06	77.42	77.79	78.23	78.58	78.87	79.18	79.52	80.05
	80.37	80.53	80.99	81.43	81.80	82.17	82.58	82.93	83.10	83.61
	83.72	84.34	84.67	84.78	85.46	85.59	86.15	86.30	86.86	87.03
	87.58	88.00	88.09	88.74	88.91	89.47	89.67	89.88	90.53	90.75
	90.97	91.57	91.76	92.30	92.49	92.99	93.16	93.72	93.90	94.44
	94.62	95.30	95.46	95.94	96.11	96.66	96.83	97.41	97.52	98.20
	98.33	98.64	98.99	99.49	99.93	100.04	100.73	100.96	101.21	101.70
	101.94	102.55	102.72	103.20	103.31	103.92	104.03	104.25	104.25	106.06
	119.87	122.05	122.41	124.22	142.39	146.75	152.92
	49.67	39.32	35.34	35.52	31.54	31.83	30.03	29.63	29.01	28.69
	28.56	28.50	28.32	28.34	28.38	28.34	28.18	28.12	27.97	27.75
	27.44	27.39	27.40	27.31	27.40	27.25	27.23	27.15	27.10	27.02
	26.99	26.98	26.96	27.00	27.03	27.03	27.04	27.04	27.06	27.03
	27.04	27.03	27.04	27.04	27.02	27.00	26.99	26.98	26.99	27.00
	27.02	27.02	27.02	27.02	27.02	27.06	27.18	27.32	26.88	27.13
	27.18	27.40	27.56	27.53	27.69	27.71	28.04	28.09	28.33	28.26
	28.34	28.48	28.46	28.46	28.47	28.63	28.61	28.60	28.38	28.26
	28.24	28.18	28.19	28.14	28.18	28.22	28.11	27.80	27.81	27.85
	27.87	27.85	27.85	27.80	27.79	27.78	27.79	27.59	27.54	27.34
	27.26	27.43	27.58	27.89	27.60	27.59	27.69	27.80	27.84	28.01
	28.15	28.36	28.38	28.43	28.43	28.44	28.42	29.01	29.65	32.46
	34.11	37.95	37.88	35.72	35.19	33.77	54.92
1	YH	58	YH179
127	1.45	57.99
28.60	0.00	0.00	0.00	0.00
	0.00	7.24	18.24	75.19	78.55	82.48	84.72	94.82	99.31	100.45
	101.15	101.37	102.29	102.80	103.30	103.55	104.48	104.69	105.60	106.24
	106.79	107.33	107.86	108.40	109.44	110.13	110.61	111.22	111.65	112.43
	113.00	113.30	113.64	114.42	115.06	115.28	116.22	116.39	117.32	117.96
	118.46	119.04	119.60	120.17	120.84	121.38	121.84	122.32	122.83	123.66
	124.15	124.40	125.11	125.78	126.36	126.94	127.57	128.10	128.37	129.16
	129.32	130.29	130.80	130.96	132.01	132.21	133.07	133.32	134.18	134.44
	135.29	135.94	136.08	137.07	137.34	138.21	138.52	138.84	139.84	140.19
	140.53	141.45	141.74	142.58	142.87	143.64	143.91	144.77	145.05	145.88
	146.16	147.22	147.46	148.20	148.46	149.31	149.57	150.47	150.65	151.70
	151.89	152.36	152.91	153.68	154.36	154.54	155.60	155.96	156.34	157.10
	157.47	158.41	158.67	159.42	159.58	160.52	160.70	161.03	161.03	163.84
	185.16	188.53	189.09	191.89	219.95	226.68	236.22
	49.43	39.08	35.10	35.28	31.30	31.59	29.79	29.39	28.77	28.45
	28.32	28.26	28.08	28.10	28.14	28.10	27.94	27.88	27.73	27.51
	27.20	27.15	27.16	27.07	27.16	27.01	26.99	26.91	26.86	26.78
	26.75	26.74	26.72	26.76	26.79	26.79	26.80	26.80	26.82	26.79
	26.80	26.79	26.80	26.80	26.78	26.76	26.75	26.74	26.75	26.76
	26.78	26.78	26.78	26.78	26.78	26.82	26.94	27.08	26.64	26.89
	26.94	27.16	27.32	27.29	27.45	27.47	27.80	27.85	28.09	28.02
	28.10	28.24	28.22	28.22	28.23	28.39	28.37	28.36	28.14	28.02
	28.00	27.94	27.95	27.90	27.94	27.98	27.87	27.56	27.57	27.61
	27.63	27.61	27.61	27.56	27.55	27.54	27.55	27.35	27.30	27.10
	27.02	27.19	27.34	27.65	27.36	27.35	27.45	27.56	27.60	27.77
	27.91	28.12	28.14	28.19	28.19	28.20	28.18	28.77	29.41	32.22
	33.87	37.71	37.64	35.48	34.95	33.53	54.68
1	YH	59	YH180
127	0.90	58.89
28.36	0.00	0.00	0.00	0.00
	0.00	5.66	14.26	58.78	61.41	64.48	66.24	74.13	77.64	78.53
	79.07	79.25	79.97	80.36	80.76	80.95	81.68	81.85	82.55	83.05
	83.49	83.90	84.33	84.74	85.55	86.10	86.47	86.95	87.29	87.90
	88.34	88.57	88.84	89.45	89.95	90.12	90.86	90.99	91.72	92.22
	92.61	93.06	93.50	93.94	94.47	94.89	95.25	95.62	96.03	96.67
	97.06	97.25	97.81	98.33	98.78	99.23	99.73	100.15	100.36	100.97
	101.10	101.85	102.25	102.38	103.20	103.36	104.03	104.22	104.90	105.10
	105.77	106.27	106.38	107.16	107.37	108.05	108.29	108.54	109.32	109.60
	109.86	110.58	110.81	111.47	111.69	112.29	112.51	113.18	113.40	114.04
	114.26	115.09	115.28	115.86	116.06	116.72	116.93	117.64	117.77	118.59
	118.74	119.11	119.54	120.14	120.68	120.81	121.64	121.92	122.22	122.82
	123.10	123.84	124.04	124.63	124.76	125.49	125.63	125.89	125.89	128.08
	144.75	147.39	147.82	150.02	171.95	177.21	184.67
	49.19	38.84	34.86	35.04	31.06	31.35	29.55	29.15	28.53	28.21
	28.08	28.02	27.84	27.86	27.90	27.86	27.70	27.64	27.49	27.27
	26.96	26.91	26.92	26.83	26.92	26.77	26.75	26.67	26.62	26.54
	26.51	26.50	26.48	26.52	26.55	26.55	26.56	26.56	26.58	26.55
	26.56	26.55	26.56	26.56	26.54	26.52	26.51	26.50	26.51	26.52
	26.54	26.54	26.54	26.54	26.54	26.58	26.70	26.84	26.40	26.65
	26.70	26.92	27.08	27.05	27.21	27.23	27.56	27.61	27.85	27.78
	27.86	28.00	27.98	27.98	27.99	28.15	28.13	28.12	27.90	27.78
	27.76	27.70	27.71	27.66	27.70	27.74	27.63	27.32	27.33	27.37
	27.39	27.37	27.37	27.32	27.31	27.30	27.31	27.11	27.06	26.86
	26.78	26.95	27.10	27.41	27.12	27.11	27.21	27.32	27.36	27.53
	27.67	27.88	27.90	27.95	27.95	27.96	27.94	28.53	29.17	31.98
	33.63	37.47	37.40	35.24	34.71	33.29	54.44
1	YH	60	YH181
127	0.61	59.50
28.12	0.00	0.00	0.00	0.00
	0.00	4.47	11.27	46.45	48.53	50.96	52.35	58.59	61.36	62.06
	62.50	62.63	63.20	63.51	63.83	63.98	64.55	64.69	65.24	65.64
	65.98	66.31	66.64	66.97	67.62	68.05	68.34	68.72	68.98	69.47
	69.82	70.00	70.22	70.70	71.09	71.22	71.81	71.91	72.49	72.88
	73.19	73.55	73.89	74.25	74.66	75.00	75.28	75.58	75.89	76.40
	76.71	76.86	77.30	77.71	78.07	78.43	78.82	79.15	79.32	79.80
	79.90	80.50	80.81	80.92	81.57	81.69	82.22	82.37	82.90	83.07
	83.59	83.99	84.08	84.69	84.86	85.40	85.59	85.78	86.40	86.62
	86.83	87.40	87.57	88.10	88.27	88.75	88.92	89.45	89.62	90.13
	90.31	90.96	91.11	91.56	91.73	92.25	92.41	92.97	93.08	93.73
	93.84	94.14	94.48	94.95	95.37	95.48	96.14	96.36	96.60	97.07
	97.29	97.88	98.04	98.50	98.60	99.18	99.29	99.50	99.50	101.23
	114.40	116.48	116.83	118.56	135.90	140.06	145.95
	48.95	38.60	34.62	34.80	30.82	31.11	29.31	28.91	28.29	27.97
	27.84	27.78	27.60	27.62	27.66	27.62	27.46	27.40	27.25	27.03
	26.72	26.67	26.68	26.59	26.68	26.53	26.51	26.43	26.38	26.30
	26.27	26.26	26.24	26.28	26.31	26.31	26.32	26.32	26.34	26.31
	26.32	26.31	26.32	26.32	26.30	26.28	26.27	26.26	26.27	26.28
	26.30	26.30	26.30	26.30	26.30	26.34	26.46	26.60	26.16	26.41
	26.46	26.68	26.84	26.81	26.97	26.99	27.32	27.37	27.61	27.54
	27.62	27.76	27.74	27.74	27.75	27.91	27.89	27.88	27.66	27.54
	27.52	27.46	27.47	27.42	27.46	27.50	27.39	27.08	27.09	27.13
	27.15	27.13	27.13	27.08	27.07	27.06	27.07	26.87	26.82	26.62
	26.54	26.71	26.86	27.17	26.88	26.87	26.97	27.08	27.12	27.29
	27.43	27.64	27.66	27.71	27.71	27.72	27.70	28.29	28.93	31.74
	33.39	37.23	37.16	35.00	34.47	33.05	54.20
1	YH	61	YH182
127	0.78	60.27
27.89	0.00	0.00	0.00	0.00
	0.00	3.93	9.91	40.84	42.67	44.81	46.02	51.51	53.95	54.56
	54.95	55.06	55.56	55.84	56.12	56.25	56.76	56.87	57.36	57.71
	58.01	58.30	58.59	58.88	59.45	59.83	60.08	60.42	60.65	61.08
	61.38	61.54	61.73	62.16	62.50	62.62	63.14	63.22	63.73	64.08
	64.35	64.67	64.97	65.28	65.64	65.94	66.18	66.45	66.73	67.17
	67.44	67.58	67.96	68.33	68.64	68.95	69.30	69.59	69.73	70.16
	70.25	70.77	71.05	71.14	71.71	71.82	72.29	72.42	72.89	73.03
	73.49	73.84	73.92	74.46	74.61	75.08	75.25	75.42	75.96	76.15
	76.34	76.84	77.00	77.46	77.61	78.03	78.18	78.64	78.80	79.24
	79.40	79.97	80.10	80.50	80.65	81.11	81.25	81.74	81.84	82.41
	82.51	82.77	83.07	83.48	83.85	83.95	84.52	84.72	84.93	85.34
	85.54	86.05	86.19	86.60	86.69	87.20	87.29	87.48	87.48	89.00
	100.58	102.41	102.72	104.24	119.48	123.14	128.32
	48.72	38.37	34.39	34.57	30.59	30.88	29.08	28.68	28.06	27.74
	27.61	27.55	27.37	27.39	27.43	27.39	27.23	27.17	27.02	26.80
	26.49	26.44	26.45	26.36	26.45	26.30	26.28	26.20	26.15	26.07
	26.04	26.03	26.01	26.05	26.08	26.08	26.09	26.09	26.11	26.08
	26.09	26.08	26.09	26.09	26.07	26.05	26.04	26.03	26.04	26.05
	26.07	26.07	26.07	26.07	26.07	26.11	26.23	26.37	25.93	26.18
	26.23	26.45	26.61	26.58	26.74	26.76	27.09	27.14	27.38	27.31
	27.39	27.53	27.51	27.51	27.52	27.68	27.66	27.65	27.43	27.31
	27.29	27.23	27.24	27.19	27.23	27.27	27.16	26.85	26.86	26.90
	26.92	26.90	26.90	26.85	26.84	26.83	26.84	26.64	26.59	26.39
	26.31	26.48	26.63	26.94	26.65	26.64	26.74	26.85	26.89	27.06
	27.20	27.41	27.43	27.48	27.48	27.49	27.47	28.06	28.70	31.51
	33.16	37.00	36.93	34.77	34.24	32.82	53.97
1	YH	62	YH183
127	1.64	61.92
27.65	0.00	0.00	0.00	0.00
	0.00	4.05	10.21	42.09	43.98	46.17	47.43	53.08	55.60	56.23
	56.62	56.75	57.26	57.55	57.83	57.97	58.49	58.61	59.12	59.47
	59.78	60.08	60.38	60.68	61.26	61.65	61.92	62.26	62.50	62.94
	63.26	63.42	63.62	64.06	64.41	64.53	65.06	65.16	65.68	66.04
	66.31	66.64	66.95	67.27	67.65	67.95	68.21	68.48	68.76	69.23
	69.50	69.64	70.04	70.41	70.74	71.06	71.42	71.71	71.87	72.30
	72.40	72.94	73.22	73.32	73.90	74.01	74.50	74.63	75.12	75.26
	75.74	76.10	76.18	76.74	76.89	77.37	77.55	77.72	78.29	78.48
	78.67	79.19	79.35	79.82	79.98	80.41	80.57	81.05	81.20	81.67
	81.82	82.42	82.55	82.96	83.11	83.58	83.73	84.24	84.34	84.92
	85.03	85.30	85.60	86.03	86.41	86.51	87.11	87.31	87.52	87.95
	88.15	88.68	88.83	89.24	89.34	89.86	89.96	90.15	90.15	91.72
	103.66	105.54	105.85	107.43	123.13	126.90	132.24
	48.48	38.13	34.15	34.33	30.35	30.64	28.84	28.44	27.82	27.50
	27.37	27.31	27.13	27.15	27.19	27.15	26.99	26.93	26.78	26.56
	26.25	26.20	26.21	26.12	26.21	26.06	26.04	25.96	25.91	25.83
	25.80	25.79	25.77	25.81	25.84	25.84	25.85	25.85	25.87	25.84
	25.85	25.84	25.85	25.85	25.83	25.81	25.80	25.79	25.80	25.81
	25.83	25.83	25.83	25.83	25.83	25.87	25.99	26.13	25.69	25.94
	25.99	26.21	26.37	26.34	26.50	26.52	26.85	26.90	27.14	27.07
	27.15	27.29	27.27	27.27	27.28	27.44	27.42	27.41	27.19	27.07
	27.05	26.99	27.00	26.95	26.99	27.03	26.92	26.61	26.62	26.66
	26.68	26.66	26.66	26.61	26.60	26.59	26.60	26.40	26.35	26.15
	26.07	26.24	26.39	26.70	26.41	26.40	26.50	26.61	26.65	26.82
	26.96	27.17	27.19	27.24	27.24	27.25	27.23	27.82	28.46	31.27
	32.92	36.76	36.69	34.53	34.00	32.58	53.73
1	YH	63	YH184
127	1.81	63.73
27.41	0.00	0.00	0.00	0.00
	0.00	5.62	14.17	58.42	61.03	64.09	65.83	73.68	77.17	78.05
	78.59	78.76	79.48	79.87	80.26	80.46	81.18	81.35	82.05	82.55
	82.98	83.39	83.81	84.22	85.03	85.57	85.94	86.42	86.75	87.36
	87.80	88.03	88.30	88.91	89.40	89.57	90.31	90.43	91.16	91.65
	92.04	92.49	92.93	93.37	93.89	94.31	94.66	95.04	95.44	96.08
	96.47	96.66	97.21	97.73	98.18	98.63	99.12	99.53	99.74	100.35
	100.48	101.23	101.63	101.76	102.57	102.73	103.40	103.58	104.26	104.46
	105.12	105.62	105.73	106.51	106.71	107.39	107.63	107.87	108.65	108.93
	109.19	109.91	110.13	110.79	111.01	111.61	111.82	112.49	112.70	113.35
	113.56	114.39	114.58	115.15	115.35	116.01	116.21	116.92	117.05	117.87
	118.01	118.39	118.81	119.41	119.94	120.07	120.90	121.18	121.48	122.06
	122.35	123.09	123.29	123.87	123.99	124.72	124.86	125.12	125.12	127.30
	143.87	146.48	146.92	149.10	170.90	176.13	183.54
	48.24	37.89	33.91	34.09	30.11	30.40	28.60	28.20	27.58	27.26
	27.13	27.07	26.89	26.91	26.95	26.91	26.75	26.69	26.54	26.32
	26.01	25.96	25.97	25.88	25.97	25.82	25.80	25.72	25.67	25.59
	25.56	25.55	25.53	25.57	25.60	25.60	25.61	25.61	25.63	25.60
	25.61	25.60	25.61	25.61	25.59	25.57	25.56	25.55	25.56	25.57
	25.59	25.59	25.59	25.59	25.59	25.63	25.75	25.89	25.45	25.70
	25.75	25.97	26.13	26.10	26.26	26.28	26.61	26.66	26.90	26.83
	26.91	27.05	27.03	27.03	27.04	27.20	27.18	27.17	26.95	26.83
	26.81	26.75	26.76	26.71	26.75	26.79	26.68	26.37	26.38	26.42
	26.44	26.42	26.42	26.37	26.36	26.35	26.36	26.16	26.11	25.91
	25.83	26.00	26.15	26.46	26.17	26.16	26.26	26.37	26.41	26.58
	26.72	26.93	26.95	27.00	27.00	27.01	26.99	27.58	28.22	31.03
	32.68	36.52	36.45	34.29	33.76	32.34	53.49
1	YH	64	YH185
127	1.06	64.79
27.17	0.00	0.00	0.00	0.00
	0.00	9.21	23.21	95.70	99.99	104.99	107.84	120.70	126.41	127.86
	128.75	129.03	130.20	130.85	131.49	131.81	132.99	133.26	134.41	135.23
	135.93	136.61	137.30	137.98	139.30	140.18	140.79	141.57	142.12	143.11
	143.83	144.21	144.65	145.65	146.45	146.73	147.94	148.15	149.34	150.15
	150.78	151.53	152.23	152.96	153.82	154.50	155.08	155.70	156.35	157.40
	158.03	158.35	159.25	160.10	160.84	161.57	162.38	163.06	163.40	164.40
	164.61	165.84	166.49	166.70	168.04	168.29	169.39	169.69	170.79	171.13
	172.21	173.03	173.21	174.48	174.82	175.93	176.32	176.72	178.00	178.44
	178.88	180.05	180.42	181.49	181.86	182.84	183.19	184.28	184.64	185.69
	186.04	187.39	187.70	188.64	188.97	190.05	190.39	191.54	191.76	193.09
	193.34	193.94	194.64	195.61	196.48	196.71	198.06	198.51	199.01	199.97
	200.43	201.64	201.97	202.92	203.13	204.33	204.55	204.98	204.98	208.55
	235.69	239.97	240.69	244.26	279.97	288.54	300.68
	48.00	37.65	33.67	33.85	29.87	30.16	28.36	27.96	27.34	27.02
	26.89	26.83	26.65	26.67	26.71	26.67	26.51	26.45	26.30	26.08
	25.77	25.72	25.73	25.64	25.73	25.58	25.56	25.48	25.43	25.35
	25.32	25.31	25.29	25.33	25.36	25.36	25.37	25.37	25.39	25.36
	25.37	25.36	25.37	25.37	25.35	25.33	25.32	25.31	25.32	25.33
	25.35	25.35	25.35	25.35	25.35	25.39	25.51	25.65	25.21	25.46
	25.51	25.73	25.89	25.86	26.02	26.04	26.37	26.42	26.66	26.59
	26.67	26.81	26.79	26.79	26.80	26.96	26.94	26.93	26.71	26.59
	26.57	26.51	26.52	26.47	26.51	26.55	26.44	26.13	26.14	26.18
	26.20	26.18	26.18	26.13	26.12	26.11	26.12	25.92	25.87	25.67
	25.59	25.76	25.91	26.22	25.93	25.92	26.02	26.13	26.17	26.34
	26.48	26.69	26.71	26.76	26.76	26.77	26.75	27.34	27.98	30.79
	32.44	36.28	36.21	34.05	33.52	32.10	53.25
1	YH	65	YH186
127	0.75	65.54
26.93	0.00	0.00	0.00	0.00
	0.00	5.37	13.53	55.80	58.30	61.21	62.88	70.37	73.71	74.55
	75.07	75.23	75.91	76.29	76.67	76.85	77.54	77.70	78.37	78.84
	79.26	79.65	80.05	80.45	81.22	81.73	82.09	82.54	82.86	83.44
	83.86	84.08	84.34	84.92	85.39	85.55	86.26	86.38	87.07	87.54
	87.91	88.35	88.76	89.18	89.68	90.08	90.42	90.78	91.16	91.77
	92.14	92.32	92.85	93.35	93.78	94.21	94.68	95.07	95.27	95.85
	95.97	96.69	97.07	97.20	97.97	98.12	98.76	98.94	99.58	99.78
	100.41	100.88	100.99	101.73	101.93	102.58	102.80	103.04	103.78	104.04
	104.29	104.98	105.19	105.82	106.03	106.60	106.81	107.44	107.65	108.26
	108.47	109.26	109.44	109.98	110.18	110.81	111.00	111.67	111.80	112.58
	112.72	113.08	113.49	114.05	114.56	114.69	115.48	115.74	116.03	116.59
	116.86	117.57	117.76	118.31	118.43	119.13	119.26	119.51	119.51	121.59
	137.42	139.91	140.33	142.41	163.23	168.23	175.31
	47.76	37.41	33.43	33.61	29.63	29.92	28.12	27.72	27.10	26.78
	26.65	26.59	26.41	26.43	26.47	26.43	26.27	26.21	26.06	25.84
	25.53	25.48	25.49	25.40	25.49	25.34	25.32	25.24	25.19	25.11
	25.08	25.07	25.05	25.09	25.12	25.12	25.13	25.13	25.15	25.12
	25.13	25.12	25.13	25.13	25.11	25.09	25.08	25.07	25.08	25.09
	25.11	25.11	25.11	25.11	25.11	25.15	25.27	25.41	24.97	25.22
	25.27	25.49	25.65	25.62	25.78	25.80	26.13	26.18	26.42	26.35
	26.43	26.57	26.55	26.55	26.56	26.72	26.70	26.69	26.47	26.35
	26.33	26.27	26.28	26.23	26.27	26.31	26.20	25.89	25.90	25.94
	25.96	25.94	25.94	25.89	25.88	25.87	25.88	25.68	25.63	25.43
	25.35	25.52	25.67	25.98	25.69	25.68	25.78	25.89	25.93	26.10
	26.24	26.45	26.47	26.52	26.52	26.53	26.51	27.10	27.74	30.55
	32.20	36.04	35.97	33.81	33.28	31.86	53.01
1	YH	66	YH187
127	0.74	66.28
26.69	0.00	0.00	0.00	0.00
	0.00	7.21	18.16	74.88	78.23	82.15	84.38	94.44	98.91	100.04
	100.74	100.96	101.87	102.38	102.88	103.13	104.06	104.27	105.17	105.81
	106.36	106.89	107.43	107.96	108.99	109.68	110.16	110.77	111.20	111.97
	112.54	112.84	113.18	113.96	114.59	114.81	115.75	115.91	116.85	117.48
	117.98	118.56	119.11	119.68	120.35	120.89	121.34	121.82	122.34	123.16
	123.65	123.89	124.60	125.27	125.84	126.42	127.05	127.58	127.85	128.63
	128.80	129.76	130.26	130.43	131.48	131.67	132.53	132.77	133.63	133.90
	134.74	135.38	135.52	136.52	136.79	137.65	137.96	138.27	139.27	139.62
	139.96	140.88	141.16	142.01	142.29	143.06	143.33	144.18	144.46	145.29
	145.57	146.62	146.86	147.59	147.86	148.70	148.96	149.86	150.04	151.08
	151.27	151.75	152.29	153.05	153.73	153.91	154.96	155.32	155.71	156.46
	156.83	157.77	158.03	158.77	158.93	159.87	160.04	160.38	160.38	163.17
	184.41	187.76	188.32	191.11	219.05	225.76	235.26
	47.52	37.17	33.19	33.37	29.39	29.68	27.88	27.48	26.86	26.54
	26.41	26.35	26.17	26.19	26.23	26.19	26.03	25.97	25.82	25.60
	25.29	25.24	25.25	25.16	25.25	25.10	25.08	25.00	24.95	24.87
	24.84	24.83	24.81	24.85	24.88	24.88	24.89	24.89	24.91	24.88
	24.89	24.88	24.89	24.89	24.87	24.85	24.84	24.83	24.84	24.85
	24.87	24.87	24.87	24.87	24.87	24.91	25.03	25.17	24.73	24.98
	25.03	25.25	25.41	25.38	25.54	25.56	25.89	25.94	26.18	26.11
	26.19	26.33	26.31	26.31	26.32	26.48	26.46	26.45	26.23	26.11
	26.09	26.03	26.04	25.99	26.03	26.07	25.96	25.65	25.66	25.70
	25.72	25.70	25.70	25.65	25.64	25.63	25.64	25.44	25.39	25.19
	25.11	25.28	25.43	25.74	25.45	25.44	25.54	25.65	25.69	25.86
	26.00	26.21	26.23	26.28	26.28	26.29	26.27	26.86	27.50	30.31
	31.96	35.80	35.73	33.57	33.04	31.62	52.77
1	YH	67	XJJ
127	0.66	66.94
26.45	0.00	0.00	0.00	0.00
	0.00	12.90	32.50	134.00	140.00	147.00	151.00	169.00	177.00	179.02
	180.27	180.66	182.30	183.21	184.11	184.55	186.21	186.59	188.20	189.34
	190.33	191.28	192.24	193.19	195.04	196.28	197.13	198.22	198.99	200.38
	201.39	201.92	202.54	203.93	205.06	205.45	207.14	207.43	209.10	210.23
	211.12	212.16	213.15	214.17	215.37	216.33	217.14	218.00	218.92	220.39
	221.27	221.71	222.98	224.17	225.20	226.23	227.36	228.31	228.79	230.19
	230.48	232.20	233.11	233.41	235.28	235.63	237.17	237.60	239.14	239.61
	241.12	242.27	242.52	244.30	244.78	246.33	246.88	247.44	249.23	249.85
	250.46	252.10	252.61	254.12	254.63	256.00	256.49	258.02	258.52	259.99
	260.49	262.38	262.81	264.12	264.59	266.10	266.57	268.18	268.49	270.36
	270.70	271.55	272.53	273.89	275.11	275.42	277.31	277.95	278.64	279.99
	280.64	282.33	282.79	284.12	284.41	286.09	286.40	287.00	287.00	292.00
	330.00	336.00	337.00	342.00	392.00	404.00	421.00
	47.28	36.93	32.95	33.13	29.15	29.44	27.64	27.24	26.62	26.30
	26.17	26.11	25.93	25.95	25.99	25.95	25.79	25.73	25.58	25.36
	25.05	25.00	25.01	24.92	25.01	24.86	24.84	24.76	24.71	24.63
	24.60	24.59	24.57	24.61	24.64	24.64	24.65	24.65	24.67	24.64
	24.65	24.64	24.65	24.65	24.63	24.61	24.60	24.59	24.60	24.61
	24.63	24.63	24.63	24.63	24.63	24.67	24.79	24.93	24.49	24.74
	24.79	25.01	25.17	25.14	25.30	25.32	25.65	25.70	25.94	25.87
	25.95	26.09	26.07	26.07	26.08	26.24	26.22	26.21	25.99	25.87
	25.85	25.79	25.80	25.75	25.79	25.83	25.72	25.41	25.42	25.46
	25.48	25.46	25.46	25.41	25.40	25.39	25.40	25.20	25.15	24.95
	24.87	25.04	25.19	25.50	25.21	25.20	25.30	25.41	25.45	25.62
	25.76	25.97	25.99	26.04	26.04	26.05	26.03	26.62	27.26	30.07
	31.72	35.56	35.49	33.33	32.80	31.38	52.53
1	YH	68	YH189
34	1.09	68.03
29.83	0.00	0.00	0.00	0.00
	0.00	1.48	4.98	6.46	6.68	11.76	13.78	16.32	20.35	46.31
	57.34	60.83	68.36	70.80	81.39	84.15	92.42	95.91	103.86	109.16
	126.12	129.30	140.96	144.14	157.91	172.75	206.67	207.73	210.90	215.14
	228.92	236.34	237.40	240.58
	47.28	35.90	35.89	35.41	34.86	32.73	30.89	30.27	28.98	27.60
	24.47	24.95	24.31	24.37	24.15	24.40	24.07	23.98	24.60	24.44
	24.83	24.92	25.26	26.20	26.11	25.95	28.98	29.37	30.20	34.08
	34.45	36.52	36.52	47.28
1	YH	69	YH190
34	0.82	68.85
29.32	0.00	0.00	0.00	0.00
	0.00	1.14	3.84	4.99	5.15	9.07	10.63	12.59	15.69	35.72
	44.22	46.91	52.72	54.60	62.77	64.89	71.27	73.97	80.10	84.18
	97.26	99.71	108.70	111.15	121.78	133.22	159.38	160.19	162.65	165.91
	176.54	182.26	183.08	185.53
	46.28	35.39	35.38	34.90	34.35	32.22	30.38	29.76	28.47	27.09
	23.96	24.44	23.80	23.86	23.64	23.89	23.56	23.47	24.09	23.93
	24.32	24.41	24.75	25.69	25.60	25.44	28.47	28.86	29.69	33.57
	33.94	36.01	36.01	47.28
1	YH	70	YH191
34	0.46	69.31
28.77	0.00	0.00	0.00	0.00
	0.00	1.17	3.93	5.11	5.27	9.29	10.88	12.89	16.07	36.58
	45.28	48.05	53.99	55.91	64.29	66.46	72.99	75.75	82.03	86.22
	99.61	102.12	111.33	113.84	124.72	136.44	163.22	164.06	166.57	169.92
	180.80	186.66	187.50	190.01
	45.28	34.87	34.86	34.38	33.83	31.70	29.86	29.24	27.95	26.57
	23.44	23.92	23.28	23.34	23.12	23.37	23.04	22.95	23.57	23.41
	23.80	23.89	24.23	25.17	25.08	24.92	27.95	28.34	29.17	33.05
	33.42	35.49	35.49	46.28
1	YH	71	YH192
34	0.70	70.01
28.23	0.00	0.00	0.00	0.00
	0.00	1.23	4.13	5.36	5.54	9.76	11.43	13.54	16.88	38.41
	47.56	50.46	56.70	58.72	67.51	69.80	76.65	79.55	86.15	90.54
	104.60	107.24	116.91	119.55	130.98	143.28	171.41	172.29	174.93	178.44
	189.87	196.02	196.90	199.54
	44.23	34.36	34.35	33.87	33.32	31.19	29.35	28.73	27.44	26.06
	22.93	23.41	22.77	22.83	22.61	22.86	22.53	22.44	23.06	22.90
	23.29	23.38	23.72	24.66	24.57	24.41	27.44	27.83	28.66	32.54
	32.91	34.98	34.98	45.28
1	YH	72	ZH
34	0.53	70.54
27.71	0.00	0.00	0.00	0.00
	0.00	1.40	4.70	6.10	6.30	11.10	13.00	15.40	19.20	43.70
	54.10	57.40	64.50	66.80	76.80	79.40	87.20	90.50	98.00	103.00
	119.00	122.00	133.00	136.00	149.00	163.00	195.00	196.00	199.00	203.00
	216.00	223.00	224.00	227.00
	43.72	33.85	33.84	33.36	32.81	30.68	28.84	28.22	26.93	25.55
	22.42	22.90	22.26	22.32	22.10	22.35	22.02	21.93	22.55	22.39
	22.78	22.87	23.21	24.15	24.06	23.90	26.93	27.32	28.15	32.03
	32.40	34.47	34.47	44.47
1	YH	73	YH194
66	0.69	71.23
30.09	0.00	0.00	0.00	0.00
	0.00	5.72	7.63	13.35	15.26	15.64	25.56	25.94	28.23	32.93
	33.23	36.51	36.78	37.12	60.66	60.78	61.16	61.27	67.19	67.26
	67.53	67.99	68.29	69.93	71.31	74.55	76.19	76.46	77.60	78.97
	81.72	88.40	89.92	94.73	98.66	104.35	111.02	115.98	123.99	130.48
	135.44	135.82	137.35	139.64	140.02	140.78	148.03	157.57	173.97	174.36
	175.50	175.50	175.88	175.88	189.62	203.35	204.50	208.69	210.22	211.74
	216.70	217.09	220.14	222.05	222.81	223.19
	42.76	37.67	37.61	32.84	32.26	31.86	32.02	31.40	30.65	30.64
	30.81	30.82	31.35	31.12	31.24	31.50	31.57	31.29	31.25	31.43
	31.46	31.12	31.01	30.95	29.44	28.20	26.58	26.44	24.85	24.30
	22.18	21.87	22.15	22.17	22.27	22.41	22.65	22.86	23.06	23.16
	24.30	24.74	26.83	29.38	29.45	30.34	30.48	31.13	31.52	31.94
	31.86	31.63	31.63	31.91	31.84	31.84	32.60	32.62	32.14	31.76
	32.05	32.79	33.75	35.58	35.56	44.85
1	YH	74	YH195
66	0.44	71.67
30.03	0.00	0.00	0.00	0.00
	0.00	6.07	8.09	14.15	16.17	16.58	27.09	27.50	29.92	34.89
	35.22	38.70	38.98	39.34	64.29	64.41	64.82	64.94	71.20	71.29
	71.57	72.05	72.38	74.12	75.57	79.01	80.75	81.03	82.24	83.70
	86.61	93.69	95.30	100.40	104.56	110.59	117.66	122.92	131.41	138.28
	143.54	143.95	145.56	147.99	148.39	149.20	156.88	166.99	184.38	184.78
	186.00	186.00	186.40	186.40	200.96	215.51	216.73	221.18	222.79	224.41
	229.67	230.07	233.31	235.33	236.14	236.54
	42.70	37.61	37.55	32.78	32.20	31.80	31.96	31.34	30.59	30.58
	30.75	30.76	31.29	31.06	31.18	31.44	31.51	31.23	31.19	31.37
	31.40	31.06	30.95	30.89	29.38	28.14	26.52	26.38	24.79	24.24
	22.12	21.81	22.09	22.11	22.21	22.35	22.59	22.80	23.00	23.10
	24.24	24.68	26.77	29.32	29.39	30.28	30.42	31.07	31.46	31.88
	31.80	31.57	31.57	31.85	31.78	31.78	32.54	32.56	32.08	31.70
	31.99	32.73	33.69	35.52	35.50	44.79
1	YH	75	YH196-01
66	1.36	73.03
29.97	0.00	0.00	0.00	0.00
	0.00	5.22	6.96	12.18	13.92	14.26	23.31	23.66	25.75	30.03
	30.30	33.30	33.54	33.85	55.32	55.42	55.77	55.88	61.27	61.34
	61.58	62.00	62.28	63.77	65.03	67.98	69.48	69.72	70.77	72.02
	74.52	80.61	82.00	86.39	89.97	95.15	101.24	105.77	113.07	118.99
	123.51	123.86	125.25	127.34	127.68	128.38	134.99	143.69	158.65	159.00
	160.04	160.04	160.39	160.39	172.91	185.44	186.48	190.31	191.70	193.09
	197.62	197.96	200.75	202.49	203.18	203.53
	42.64	37.55	37.49	32.72	32.14	31.74	31.90	31.28	30.53	30.52
	30.69	30.70	31.23	31.00	31.12	31.38	31.45	31.17	31.13	31.31
	31.34	31.00	30.89	30.83	29.32	28.08	26.46	26.32	24.73	24.18
	22.06	21.75	22.03	22.05	22.15	22.29	22.53	22.74	22.94	23.04
	24.18	24.62	26.71	29.26	29.33	30.22	30.36	31.01	31.40	31.82
	31.74	31.51	31.51	31.79	31.72	31.72	32.48	32.50	32.02	31.64
	31.93	32.67	33.63	35.46	35.44	44.73
1	YH	76	YH197
66	1.00	74.02
29.92	0.00	0.00	0.00	0.00
	0.00	5.95	7.94	13.89	15.88	16.27	26.59	26.99	29.37	34.25
	34.57	37.98	38.26	38.62	63.11	63.22	63.62	63.74	69.89	69.97
	70.25	70.73	71.04	72.75	74.18	77.55	79.26	79.54	80.73	82.16
	85.01	91.96	93.55	98.55	102.64	108.55	115.49	120.65	128.99	135.74
	140.90	141.29	142.88	145.26	145.66	146.45	153.99	163.92	180.98	181.38
	182.57	182.57	182.97	182.97	197.25	211.54	212.73	217.10	218.69	220.27
	225.43	225.83	229.00	230.99	231.78	232.18
	42.59	37.50	37.44	32.67	32.09	31.69	31.85	31.23	30.48	30.47
	30.64	30.65	31.18	30.95	31.07	31.33	31.40	31.12	31.08	31.26
	31.29	30.95	30.84	30.78	29.27	28.03	26.41	26.27	24.68	24.13
	22.01	21.70	21.98	22.00	22.10	22.24	22.48	22.69	22.89	22.99
	24.13	24.57	26.66	29.21	29.28	30.17	30.31	30.96	31.35	31.77
	31.69	31.46	31.46	31.74	31.67	31.67	32.43	32.45	31.97	31.59
	31.88	32.62	33.58	35.41	35.39	44.68
1	YH	77	YH198
66	0.92	74.94
29.86	0.00	0.00	0.00	0.00
	0.00	4.31	5.75	10.07	11.51	11.79	19.27	19.56	21.29	24.82
	25.05	27.53	27.73	27.99	45.73	45.82	46.11	46.20	50.65	50.71
	50.91	51.26	51.49	52.72	53.76	56.21	57.44	57.64	58.51	59.54
	61.61	66.65	67.80	71.42	74.38	78.67	83.70	87.44	93.48	98.37
	102.11	102.40	103.55	105.28	105.56	106.14	111.60	118.80	131.16	131.45
	132.31	132.31	132.60	132.60	142.96	153.31	154.18	157.34	158.49	159.64
	163.38	163.67	165.97	167.41	167.98	168.27
	42.53	37.44	37.38	32.61	32.03	31.63	31.79	31.17	30.42	30.41
	30.58	30.59	31.12	30.89	31.01	31.27	31.34	31.06	31.02	31.20
	31.23	30.89	30.78	30.72	29.21	27.97	26.35	26.21	24.62	24.07
	21.95	21.64	21.92	21.94	22.04	22.18	22.42	22.63	22.83	22.93
	24.07	24.51	26.60	29.15	29.22	30.11	30.25	30.90	31.29	31.71
	31.63	31.40	31.40	31.68	31.61	31.61	32.37	32.39	31.91	31.53
	31.82	32.56	33.52	35.35	35.33	44.62
1	YH	78	YH199
66	1.43	76.37
29.80	0.00	0.00	0.00	0.00
	0.00	4.86	6.49	11.35	12.97	13.30	21.73	22.05	24.00	27.99
	28.25	31.04	31.26	31.56	51.56	51.66	51.99	52.08	57.11	57.18
	57.40	57.79	58.05	59.45	60.61	63.37	64.76	64.99	65.96	67.13
	69.47	75.14	76.44	80.53	83.87	88.70	94.37	98.59	105.40	110.91
	115.13	115.45	116.75	118.70	119.02	119.67	125.83	133.94	147.88	148.21
	149.18	149.18	149.51	149.51	161.18	172.86	173.83	177.40	178.69	179.99
	184.21	184.53	187.13	188.75	189.40	189.72
	42.47	37.38	37.32	32.55	31.97	31.57	31.73	31.11	30.36	30.35
	30.52	30.53	31.06	30.83	30.95	31.21	31.28	31.00	30.96	31.14
	31.17	30.83	30.72	30.66	29.15	27.91	26.29	26.15	24.56	24.01
	21.89	21.58	21.86	21.88	21.98	22.12	22.36	22.57	22.77	22.87
	24.01	24.45	26.54	29.09	29.16	30.05	30.19	30.84	31.23	31.65
	31.57	31.34	31.34	31.62	31.55	31.55	32.31	32.33	31.85	31.47
	31.76	32.50	33.46	35.29	35.27	44.56
1	YH	79	YH200
66	0.68	77.05
29.74	0.00	0.00	0.00	0.00
	0.00	6.60	8.80	15.40	17.61	18.05	29.49	29.93	32.57	37.98
	38.34	42.12	42.43	42.83	69.98	70.11	70.55	70.69	77.51	77.60
	77.90	78.43	78.78	80.68	82.26	86.00	87.90	88.20	89.52	91.11
	94.28	101.98	103.74	109.29	113.82	120.38	128.08	133.80	143.04	150.53
	156.25	156.69	158.45	161.09	161.53	162.41	170.77	181.78	200.70	201.14
	202.46	202.46	202.90	202.90	218.75	234.59	235.91	240.75	242.52	244.28
	250.00	250.44	253.96	256.16	257.04	257.48
	42.41	37.32	37.26	32.49	31.91	31.51	31.67	31.05	30.30	30.29
	30.46	30.47	31.00	30.77	30.89	31.15	31.22	30.94	30.90	31.08
	31.11	30.77	30.66	30.60	29.09	27.85	26.23	26.09	24.50	23.95
	21.83	21.52	21.80	21.82	21.92	22.06	22.30	22.51	22.71	22.81
	23.95	24.39	26.48	29.03	29.10	29.99	30.13	30.78	31.17	31.59
	31.51	31.28	31.28	31.56	31.49	31.49	32.25	32.27	31.79	31.41
	31.70	32.44	33.40	35.23	35.21	44.50
1	YH	80	YH201
66	1.08	78.13
29.68	0.00	0.00	0.00	0.00
	0.00	5.38	7.17	12.56	14.35	14.71	24.03	24.39	26.55	30.96
	31.24	34.33	34.58	34.90	57.04	57.14	57.50	57.61	63.17	63.24
	63.49	63.92	64.21	65.75	67.04	70.09	71.64	71.89	72.96	74.25
	76.84	83.11	84.55	89.07	92.76	98.11	104.39	109.05	116.58	122.68
	127.34	127.70	129.14	131.29	131.65	132.37	139.18	148.15	163.58	163.93
	165.01	165.01	165.37	165.37	178.28	191.20	192.27	196.22	197.65	199.09
	203.75	204.11	206.98	208.77	209.49	209.85
	42.35	37.26	37.20	32.43	31.85	31.45	31.61	30.99	30.24	30.23
	30.40	30.41	30.94	30.71	30.83	31.09	31.16	30.88	30.84	31.02
	31.05	30.71	30.60	30.54	29.03	27.79	26.17	26.03	24.44	23.89
	21.77	21.46	21.74	21.76	21.86	22.00	22.24	22.45	22.65	22.75
	23.89	24.33	26.42	28.97	29.04	29.93	30.07	30.72	31.11	31.53
	31.45	31.22	31.22	31.50	31.43	31.43	32.19	32.21	31.73	31.35
	31.64	32.38	33.34	35.17	35.15	44.44
1	YH	81	YH202
66	0.84	78.98
29.63	0.00	0.00	0.00	0.00
	0.00	6.59	8.79	15.38	17.58	18.02	29.45	29.89	32.52	37.93
	38.28	42.06	42.37	42.76	69.88	70.01	70.45	70.58	77.39	77.48
	77.79	78.32	78.67	80.56	82.14	85.88	87.77	88.07	89.39	90.97
	94.14	101.83	103.59	109.12	113.65	120.20	127.89	133.60	142.83	150.30
	156.02	156.46	158.22	160.85	161.29	162.17	170.52	181.51	200.41	200.85
	202.16	202.16	202.60	202.60	218.43	234.25	235.57	240.40	242.16	243.92
	249.63	250.07	253.58	255.78	256.66	257.10
	42.30	37.21	37.15	32.38	31.80	31.40	31.56	30.94	30.19	30.18
	30.35	30.36	30.89	30.66	30.78	31.04	31.11	30.83	30.79	30.97
	31.00	30.66	30.55	30.49	28.98	27.74	26.12	25.98	24.39	23.84
	21.72	21.41	21.69	21.71	21.81	21.95	22.19	22.40	22.60	22.70
	23.84	24.28	26.37	28.92	28.99	29.88	30.02	30.67	31.06	31.48
	31.40	31.17	31.17	31.45	31.38	31.38	32.14	32.16	31.68	31.30
	31.59	32.33	33.29	35.12	35.10	44.39
1	YH	82	YH203
66	0.58	79.56
29.57	0.00	0.00	0.00	0.00
	0.00	4.57	6.10	10.67	12.20	12.50	20.43	20.73	22.56	26.31
	26.56	29.18	29.39	29.67	48.48	48.57	48.87	48.97	53.69	53.75
	53.97	54.33	54.58	55.89	56.98	59.58	60.89	61.10	62.01	63.11
	65.31	70.64	71.86	75.70	78.84	83.39	88.72	92.69	99.09	104.27
	108.24	108.54	109.76	111.59	111.89	112.50	118.30	125.92	139.03	139.33
	140.25	140.25	140.55	140.55	151.53	162.51	163.42	166.77	167.99	169.21
	173.18	173.48	175.92	177.45	178.06	178.36
	42.24	37.15	37.09	32.32	31.74	31.34	31.50	30.88	30.13	30.12
	30.29	30.30	30.83	30.60	30.72	30.98	31.05	30.77	30.73	30.91
	30.94	30.60	30.49	30.43	28.92	27.68	26.06	25.92	24.33	23.78
	21.66	21.35	21.63	21.65	21.75	21.89	22.13	22.34	22.54	22.64
	23.78	24.22	26.31	28.86	28.93	29.82	29.96	30.61	31.00	31.42
	31.34	31.11	31.11	31.39	31.32	31.32	32.08	32.10	31.62	31.24
	31.53	32.27	33.23	35.06	35.04	44.33
1	YH	83	YH204
66	0.43	79.99
29.51	0.00	0.00	0.00	0.00
	0.00	4.13	5.50	9.63	11.00	11.28	18.43	18.70	20.35	23.73
	23.95	26.32	26.51	26.76	43.73	43.81	44.08	44.17	48.43	48.48
	48.68	49.01	49.23	50.41	51.40	53.74	54.92	55.11	55.94	56.93
	58.91	63.72	64.82	68.28	71.12	75.21	80.03	83.60	89.38	94.05
	97.63	97.90	99.00	100.65	100.93	101.48	106.70	113.58	125.40	125.68
	126.50	126.50	126.78	126.78	136.68	146.58	147.40	150.43	151.53	152.63
	156.20	156.48	158.68	160.05	160.60	160.88
	42.18	37.09	37.03	32.26	31.68	31.28	31.44	30.82	30.07	30.06
	30.23	30.24	30.77	30.54	30.66	30.92	30.99	30.71	30.67	30.85
	30.88	30.54	30.43	30.37	28.86	27.62	26.00	25.86	24.27	23.72
	21.60	21.29	21.57	21.59	21.69	21.83	22.07	22.28	22.48	22.58
	23.72	24.16	26.25	28.80	28.87	29.76	29.90	30.55	30.94	31.36
	31.28	31.05	31.05	31.33	31.26	31.26	32.02	32.04	31.56	31.18
	31.47	32.21	33.17	35.00	34.98	44.27
1	YH	84	YH205
66	1.16	81.14
29.45	0.00	0.00	0.00	0.00
	0.00	5.51	7.35	12.87	14.71	15.07	24.63	25.00	27.21	31.73
	32.02	35.18	35.44	35.77	58.45	58.57	58.93	59.04	64.74	64.82
	65.07	65.51	65.81	67.39	68.71	71.84	73.42	73.68	74.78	76.10
	78.75	85.18	86.65	91.29	95.07	100.55	106.98	111.76	119.48	125.73
	130.51	130.88	132.35	134.56	134.92	135.66	142.64	151.84	167.64	168.01
	169.11	169.11	169.48	169.48	182.72	195.95	197.06	201.10	202.57	204.04
	208.82	209.19	212.13	213.97	214.70	215.07
	42.12	37.03	36.97	32.20	31.62	31.22	31.38	30.76	30.01	30.00
	30.17	30.18	30.71	30.48	30.60	30.86	30.93	30.65	30.61	30.79
	30.82	30.48	30.37	30.31	28.80	27.56	25.94	25.80	24.21	23.66
	21.54	21.23	21.51	21.53	21.63	21.77	22.01	22.22	22.42	22.52
	23.66	24.10	26.19	28.74	28.81	29.70	29.84	30.49	30.88	31.30
	31.22	30.99	30.99	31.27	31.20	31.20	31.96	31.98	31.50	31.12
	31.41	32.15	33.11	34.94	34.92	44.21
1	YH	85	YH206
66	0.95	82.09
29.39	0.00	0.00	0.00	0.00
	0.00	4.77	6.37	11.14	12.73	13.05	21.33	21.64	23.55	27.47
	27.72	30.46	30.68	30.97	50.61	50.71	51.02	51.12	56.05	56.12
	56.34	56.72	56.98	58.35	59.49	62.20	63.57	63.79	64.74	65.89
	68.18	73.75	75.03	79.04	82.31	87.06	92.63	96.77	103.45	108.86
	113.00	113.32	114.59	116.50	116.82	117.46	123.50	131.46	145.15	145.47
	146.42	146.42	146.74	146.74	158.20	169.66	170.61	174.11	175.39	176.66
	180.80	181.12	183.66	185.26	185.89	186.21
	42.06	36.97	36.91	32.14	31.56	31.16	31.32	30.70	29.95	29.94
	30.11	30.12	30.65	30.42	30.54	30.80	30.87	30.59	30.55	30.73
	30.76	30.42	30.31	30.25	28.74	27.50	25.88	25.74	24.15	23.60
	21.48	21.17	21.45	21.47	21.57	21.71	21.95	22.16	22.36	22.46
	23.60	24.04	26.13	28.68	28.75	29.64	29.78	30.43	30.82	31.24
	31.16	30.93	30.93	31.21	31.14	31.14	31.90	31.92	31.44	31.06
	31.35	32.09	33.05	34.88	34.86	44.15
1	YH	86	YH207
66	0.48	82.58
29.33	0.00	0.00	0.00	0.00
	0.00	4.70	6.27	10.97	12.53	12.85	20.99	21.31	23.19	27.04
	27.29	29.99	30.21	30.49	49.82	49.92	50.23	50.32	55.18	55.24
	55.46	55.84	56.09	57.44	58.57	61.23	62.58	62.80	63.74	64.86
	67.12	72.60	73.86	77.80	81.03	85.70	91.18	95.26	101.84	107.17
	111.24	111.55	112.81	114.69	115.00	115.63	121.58	129.41	142.89	143.20
	144.14	144.14	144.45	144.45	155.74	167.02	167.96	171.40	172.66	173.91
	177.98	178.30	180.80	182.37	183.00	183.31
	42.00	36.91	36.85	32.08	31.50	31.10	31.26	30.64	29.89	29.88
	30.05	30.06	30.59	30.36	30.48	30.74	30.81	30.53	30.49	30.67
	30.70	30.36	30.25	30.19	28.68	27.44	25.82	25.68	24.09	23.54
	21.42	21.11	21.39	21.41	21.51	21.65	21.89	22.10	22.30	22.40
	23.54	23.98	26.07	28.62	28.69	29.58	29.72	30.37	30.76	31.18
	31.10	30.87	30.87	31.15	31.08	31.08	31.84	31.86	31.38	31.00
	31.29	32.03	32.99	34.82	34.80	44.09
1	YH	87	YH208
66	0.71	83.29
29.28	0.00	0.00	0.00	0.00
	0.00	4.30	5.74	10.04	11.48	11.77	19.23	19.51	21.23	24.76
	24.99	27.46	27.66	27.92	45.63	45.71	46.00	46.09	50.53	50.59
	50.79	51.14	51.37	52.60	53.63	56.07	57.31	57.51	58.37	59.40
	61.47	66.49	67.64	71.25	74.21	78.48	83.50	87.24	93.26	98.14
	101.87	102.16	103.30	105.03	105.31	105.89	111.34	118.51	130.85	131.14
	132.00	132.00	132.29	132.29	142.62	152.95	153.81	156.97	158.11	159.26
	162.99	163.28	165.57	167.01	167.58	167.87
	41.95	36.86	36.80	32.03	31.45	31.05	31.21	30.59	29.84	29.83
	30.00	30.01	30.54	30.31	30.43	30.69	30.76	30.48	30.44	30.62
	30.65	30.31	30.20	30.14	28.63	27.39	25.77	25.63	24.04	23.49
	21.37	21.06	21.34	21.36	21.46	21.60	21.84	22.05	22.25	22.35
	23.49	23.93	26.02	28.57	28.64	29.53	29.67	30.32	30.71	31.13
	31.05	30.82	30.82	31.10	31.03	31.03	31.79	31.81	31.33	30.95
	31.24	31.98	32.94	34.77	34.75	44.04
1	YH	88	YH209
66	0.58	83.87
29.22	0.00	0.00	0.00	0.00
	0.00	4.04	5.39	9.43	10.77	11.04	18.05	18.31	19.93	23.24
	23.46	25.78	25.96	26.21	42.82	42.90	43.17	43.25	47.43	47.48
	47.67	48.00	48.21	49.37	50.34	52.63	53.79	53.97	54.78	55.75
	57.69	62.40	63.48	66.88	69.65	73.66	78.38	81.88	87.53	92.11
	95.61	95.88	96.96	98.58	98.85	99.38	104.50	111.23	122.82	123.09
	123.89	123.89	124.16	124.16	133.86	143.55	144.36	147.33	148.40	149.48
	152.98	153.25	155.41	156.75	157.29	157.56
	41.89	36.80	36.74	31.97	31.39	30.99	31.15	30.53	29.78	29.77
	29.94	29.95	30.48	30.25	30.37	30.63	30.70	30.42	30.38	30.56
	30.59	30.25	30.14	30.08	28.57	27.33	25.71	25.57	23.98	23.43
	21.31	21.00	21.28	21.30	21.40	21.54	21.78	21.99	22.19	22.29
	23.43	23.87	25.96	28.51	28.58	29.47	29.61	30.26	30.65	31.07
	30.99	30.76	30.76	31.04	30.97	30.97	31.73	31.75	31.27	30.89
	31.18	31.92	32.88	34.71	34.69	43.98
1	YH	89	YH210
66	0.95	84.82
29.16	0.00	0.00	0.00	0.00
	0.00	4.10	5.46	9.56	10.93	11.20	18.30	18.58	20.22	23.58
	23.80	26.14	26.34	26.58	43.44	43.52	43.79	43.88	48.11	48.16
	48.36	48.68	48.90	50.08	51.06	53.38	54.56	54.75	55.57	56.55
	58.52	63.30	64.39	67.83	70.65	74.72	79.50	83.05	88.79	93.43
	96.98	97.26	98.35	99.99	100.26	100.81	106.00	112.83	124.58	124.85
	125.67	125.67	125.94	125.94	135.78	145.61	146.43	149.44	150.53	151.62
	155.18	155.45	157.63	159.00	159.55	159.82
	41.83	36.74	36.68	31.91	31.33	30.93	31.09	30.47	29.72	29.71
	29.88	29.89	30.42	30.19	30.31	30.57	30.64	30.36	30.32	30.50
	30.53	30.19	30.08	30.02	28.51	27.27	25.65	25.51	23.92	23.37
	21.25	20.94	21.22	21.24	21.34	21.48	21.72	21.93	22.13	22.23
	23.37	23.81	25.90	28.45	28.52	29.41	29.55	30.20	30.59	31.01
	30.93	30.70	30.70	30.98	30.91	30.91	31.67	31.69	31.21	30.83
	31.12	31.86	32.82	34.65	34.63	43.92
1	YH	90	YH211
66	0.72	85.54
29.10	0.00	0.00	0.00	0.00
	0.00	7.13	9.50	16.63	19.01	19.48	31.84	32.31	35.17	41.01
	41.39	45.48	45.81	46.24	75.56	75.70	76.18	76.32	83.69	83.78
	84.11	84.68	85.06	87.11	88.82	92.86	94.90	95.23	96.66	98.37
	101.79	110.11	112.01	118.00	122.89	129.97	138.29	144.46	154.44	162.52
	168.70	169.18	171.08	173.93	174.40	175.35	184.38	196.26	216.70	217.17
	218.60	218.60	219.07	219.07	236.18	253.29	254.71	259.94	261.84	263.74
	269.92	270.40	274.20	276.57	277.52	278.00
	41.77	36.68	36.62	31.85	31.27	30.87	31.03	30.41	29.66	29.65
	29.82	29.83	30.36	30.13	30.25	30.51	30.58	30.30	30.26	30.44
	30.47	30.13	30.02	29.96	28.45	27.21	25.59	25.45	23.86	23.31
	21.19	20.88	21.16	21.18	21.28	21.42	21.66	21.87	22.07	22.17
	23.31	23.75	25.84	28.39	28.46	29.35	29.49	30.14	30.53	30.95
	30.87	30.64	30.64	30.92	30.85	30.85	31.61	31.63	31.15	30.77
	31.06	31.80	32.76	34.59	34.57	43.86
1	YH	91	YH212
66	0.71	86.25
29.04	0.00	0.00	0.00	0.00
	0.00	3.44	4.59	8.03	9.18	9.40	15.37	15.60	16.97	19.80
	19.98	21.95	22.11	22.32	36.47	36.54	36.77	36.84	40.39	40.44
	40.60	40.88	41.06	42.05	42.87	44.82	45.81	45.97	46.66	47.48
	49.13	53.15	54.07	56.96	59.32	62.74	66.75	69.73	74.55	78.45
	81.43	81.66	82.58	83.95	84.18	84.64	89.00	94.74	104.60	104.83
	105.52	105.52	105.75	105.75	114.00	122.26	122.95	125.47	126.39	127.31
	130.29	130.52	132.35	133.50	133.96	134.19
	41.71	36.62	36.56	31.79	31.21	30.81	30.97	30.35	29.60	29.59
	29.76	29.77	30.30	30.07	30.19	30.45	30.52	30.24	30.20	30.38
	30.41	30.07	29.96	29.90	28.39	27.15	25.53	25.39	23.80	23.25
	21.13	20.82	21.10	21.12	21.22	21.36	21.60	21.81	22.01	22.11
	23.25	23.69	25.78	28.33	28.40	29.29	29.43	30.08	30.47	30.89
	30.81	30.58	30.58	30.86	30.79	30.79	31.55	31.57	31.09	30.71
	31.00	31.74	32.70	34.53	34.51	43.80
1	YH	92	YH213
66	0.81	87.06
28.99	0.00	0.00	0.00	0.00
	0.00	4.39	5.86	10.25	11.71	12.00	19.61	19.91	21.66	25.26
	25.50	28.02	28.22	28.48	46.55	46.64	46.93	47.02	51.55	51.61
	51.82	52.17	52.40	53.66	54.72	57.20	58.46	58.67	59.55	60.60
	62.71	67.83	69.00	72.69	75.71	80.07	85.19	89.00	95.14	100.12
	103.93	104.22	105.39	107.15	107.44	108.03	113.59	120.91	133.49	133.79
	134.67	134.67	134.96	134.96	145.50	156.04	156.92	160.14	161.31	162.48
	166.28	166.58	168.92	170.38	170.97	171.26
	41.66	36.57	36.51	31.74	31.16	30.76	30.92	30.30	29.55	29.54
	29.71	29.72	30.25	30.02	30.14	30.40	30.47	30.19	30.15	30.33
	30.36	30.02	29.91	29.85	28.34	27.10	25.48	25.34	23.75	23.20
	21.08	20.77	21.05	21.07	21.17	21.31	21.55	21.76	21.96	22.06
	23.20	23.64	25.73	28.28	28.35	29.24	29.38	30.03	30.42	30.84
	30.76	30.53	30.53	30.81	30.74	30.74	31.50	31.52	31.04	30.66
	30.95	31.69	32.65	34.48	34.46	43.75
1	YH	93	YH214
66	0.52	87.58
28.93	0.00	0.00	0.00	0.00
	0.00	3.97	5.29	9.26	10.59	10.85	17.73	18.00	19.58	22.84
	23.05	25.33	25.51	25.75	42.08	42.16	42.42	42.50	46.60	46.65
	46.84	47.16	47.37	48.51	49.46	51.71	52.85	53.03	53.83	54.78
	56.68	61.32	62.37	65.71	68.43	72.38	77.01	80.45	86.01	90.50
	93.94	94.21	95.27	96.86	97.12	97.65	102.68	109.29	120.67	120.94
	121.73	121.73	122.00	122.00	131.52	141.05	141.84	144.75	145.81	146.87
	150.31	150.58	152.69	154.02	154.55	154.81
	41.60	36.51	36.45	31.68	31.10	30.70	30.86	30.24	29.49	29.48
	29.65	29.66	30.19	29.96	30.08	30.34	30.41	30.13	30.09	30.27
	30.30	29.96	29.85	29.79	28.28	27.04	25.42	25.28	23.69	23.14
	21.02	20.71	20.99	21.01	21.11	21.25	21.49	21.70	21.90	22.00
	23.14	23.58	25.67	28.22	28.29	29.18	29.32	29.97	30.36	30.78
	30.70	30.47	30.47	30.75	30.68	30.68	31.44	31.46	30.98	30.60
	30.89	31.63	32.59	34.42	34.40	43.69
1	YH	94	YH215
66	0.34	87.93
28.87	0.00	0.00	0.00	0.00
	0.00	3.24	4.32	7.56	8.65	8.86	14.48	14.70	15.99	18.65
	18.83	20.68	20.84	21.03	34.37	34.43	34.65	34.71	38.06	38.10
	38.26	38.52	38.69	39.62	40.40	42.23	43.16	43.31	43.96	44.74
	46.30	50.08	50.94	53.67	55.89	59.11	62.90	65.71	70.24	73.92
	76.73	76.94	77.81	79.11	79.32	79.75	83.86	89.26	98.56	98.77
	99.42	99.42	99.64	99.64	107.42	115.20	115.85	118.23	119.09	119.96
	122.77	122.98	124.71	125.79	126.22	126.44
	41.54	36.45	36.39	31.62	31.04	30.64	30.80	30.18	29.43	29.42
	29.59	29.60	30.13	29.90	30.02	30.28	30.35	30.07	30.03	30.21
	30.24	29.90	29.79	29.73	28.22	26.98	25.36	25.22	23.63	23.08
	20.96	20.65	20.93	20.95	21.05	21.19	21.43	21.64	21.84	21.94
	23.08	23.52	25.61	28.16	28.23	29.12	29.26	29.91	30.30	30.72
	30.64	30.41	30.41	30.69	30.62	30.62	31.38	31.40	30.92	30.54
	30.83	31.57	32.53	34.36	34.34	43.63
1	YH	95	YH216
66	0.75	88.67
28.81	0.00	0.00	0.00	0.00
	0.00	6.22	8.29	14.51	16.58	17.00	27.78	28.19	30.68	35.78
	36.11	39.67	39.96	40.34	65.92	66.04	66.45	66.58	73.00	73.09
	73.38	73.88	74.21	75.99	77.48	81.01	82.79	83.08	84.32	85.81
	88.80	96.05	97.71	102.94	107.21	113.38	120.64	126.03	134.73	141.78
	147.17	147.58	149.24	151.73	152.15	152.97	160.85	171.21	189.04	189.46
	190.70	190.70	191.11	191.11	206.04	220.96	222.21	226.77	228.42	230.08
	235.47	235.89	239.20	241.28	242.11	242.52
	41.48	36.39	36.33	31.56	30.98	30.58	30.74	30.12	29.37	29.36
	29.53	29.54	30.07	29.84	29.96	30.22	30.29	30.01	29.97	30.15
	30.18	29.84	29.73	29.67	28.16	26.92	25.30	25.16	23.57	23.02
	20.90	20.59	20.87	20.89	20.99	21.13	21.37	21.58	21.78	21.88
	23.02	23.46	25.55	28.10	28.17	29.06	29.20	29.85	30.24	30.66
	30.58	30.35	30.35	30.63	30.56	30.56	31.32	31.34	30.86	30.48
	30.77	31.51	32.47	34.30	34.28	43.57
1	YH	96	YH217
66	0.90	89.57
28.75	0.00	0.00	0.00	0.00
	0.00	6.56	8.74	15.30	17.49	17.92	29.29	29.73	32.35	37.73
	38.08	41.84	42.14	42.54	69.51	69.64	70.08	70.21	76.98	77.07
	77.38	77.90	78.25	80.13	81.71	85.42	87.30	87.61	88.92	90.49
	93.64	101.29	103.04	108.55	113.05	119.56	127.21	132.90	142.08	149.51
	155.19	155.63	157.38	160.00	160.44	161.31	169.62	180.55	199.35	199.78
	201.09	201.09	201.53	201.53	217.27	233.01	234.32	239.13	240.88	242.63
	248.31	248.75	252.24	254.43	255.30	255.74
	41.42	36.33	36.27	31.50	30.92	30.52	30.68	30.06	29.31	29.30
	29.47	29.48	30.01	29.78	29.90	30.16	30.23	29.95	29.91	30.09
	30.12	29.78	29.67	29.61	28.10	26.86	25.24	25.10	23.51	22.96
	20.84	20.53	20.81	20.83	20.93	21.07	21.31	21.52	21.72	21.82
	22.96	23.40	25.49	28.04	28.11	29.00	29.14	29.79	30.18	30.60
	30.52	30.29	30.29	30.57	30.50	30.50	31.26	31.28	30.80	30.42
	30.71	31.45	32.41	34.24	34.22	43.51
1	YH	97	YH218
66	0.86	90.43
28.70	0.00	0.00	0.00	0.00
	0.00	5.30	7.07	12.38	14.14	14.50	23.69	24.05	26.17	30.52
	30.80	33.84	34.09	34.41	56.23	56.33	56.69	56.79	62.27	62.34
	62.59	63.02	63.30	64.82	66.09	69.10	70.62	70.87	71.93	73.20
	75.75	81.93	83.35	87.80	91.45	96.72	102.90	107.50	114.93	120.94
	125.54	125.89	127.30	129.43	129.78	130.49	137.21	146.05	161.25	161.61
	162.67	162.67	163.02	163.02	175.75	188.48	189.54	193.43	194.85	196.26
	200.86	201.21	204.04	205.81	206.52	206.87
	41.37	36.28	36.22	31.45	30.87	30.47	30.63	30.01	29.26	29.25
	29.42	29.43	29.96	29.73	29.85	30.11	30.18	29.90	29.86	30.04
	30.07	29.73	29.62	29.56	28.05	26.81	25.19	25.05	23.46	22.91
	20.79	20.48	20.76	20.78	20.88	21.02	21.26	21.47	21.67	21.77
	22.91	23.35	25.44	27.99	28.06	28.95	29.09	29.74	30.13	30.55
	30.47	30.24	30.24	30.52	30.45	30.45	31.21	31.23	30.75	30.37
	30.66	31.40	32.36	34.19	34.17	43.46
1	YH	98	YH219
66	0.79	91.22
28.64	0.00	0.00	0.00	0.00
	0.00	4.96	6.62	11.58	13.23	13.57	22.17	22.50	24.48	28.55
	28.82	31.66	31.89	32.19	52.61	52.71	53.04	53.14	58.26	58.33
	58.56	58.96	59.22	60.65	61.84	64.65	66.07	66.30	67.30	68.49
	70.87	76.66	77.98	82.15	85.56	90.49	96.28	100.58	107.53	113.15
	117.45	117.78	119.11	121.09	121.42	122.09	128.37	136.64	150.87	151.20
	152.19	152.19	152.52	152.52	164.43	176.35	177.34	180.98	182.30	183.62
	187.93	188.26	190.90	192.56	193.22	193.55
	41.31	36.22	36.16	31.39	30.81	30.41	30.57	29.95	29.20	29.19
	29.36	29.37	29.90	29.67	29.79	30.05	30.12	29.84	29.80	29.98
	30.01	29.67	29.56	29.50	27.99	26.75	25.13	24.99	23.40	22.85
	20.73	20.42	20.70	20.72	20.82	20.96	21.20	21.41	21.61	21.71
	22.85	23.29	25.38	27.93	28.00	28.89	29.03	29.68	30.07	30.49
	30.41	30.18	30.18	30.46	30.39	30.39	31.15	31.17	30.69	30.31
	30.60	31.34	32.30	34.13	34.11	43.40
1	YH	99	YH220
66	0.62	91.84
28.58	0.00	0.00	0.00	0.00
	0.00	3.82	5.09	8.91	10.18	10.43	17.05	17.30	18.83	21.96
	22.16	24.35	24.53	24.76	40.46	40.54	40.79	40.87	44.81	44.86
	45.04	45.35	45.55	46.64	47.56	49.72	50.82	50.99	51.76	52.67
	54.51	58.96	59.98	63.18	65.80	69.60	74.05	77.36	82.70	87.03
	90.33	90.59	91.61	93.13	93.39	93.90	98.73	105.09	116.03	116.29
	117.05	117.05	117.31	117.31	126.47	135.63	136.39	139.19	140.21	141.23
	144.53	144.79	146.82	148.10	148.61	148.86
	41.25	36.16	36.10	31.33	30.75	30.35	30.51	29.89	29.14	29.13
	29.30	29.31	29.84	29.61	29.73	29.99	30.06	29.78	29.74	29.92
	29.95	29.61	29.50	29.44	27.93	26.69	25.07	24.93	23.34	22.79
	20.67	20.36	20.64	20.66	20.76	20.90	21.14	21.35	21.55	21.65
	22.79	23.23	25.32	27.87	27.94	28.83	28.97	29.62	30.01	30.43
	30.35	30.12	30.12	30.40	30.33	30.33	31.09	31.11	30.63	30.25
	30.54	31.28	32.24	34.07	34.05	43.34
1	YH	100	YH221
66	1.11	92.95
28.52	0.00	0.00	0.00	0.00
	0.00	5.72	7.62	13.34	15.25	15.63	25.54	25.92	28.21	32.90
	33.21	36.48	36.75	37.09	60.62	60.73	61.11	61.23	67.13	67.21
	67.48	67.94	68.24	69.88	71.25	74.49	76.13	76.40	77.54	78.91
	81.66	88.33	89.86	94.66	98.59	104.27	110.94	115.89	123.90	130.38
	135.34	135.72	137.24	139.53	139.91	140.67	147.92	157.45	173.84	174.22
	175.37	175.37	175.75	175.75	189.47	203.20	204.34	208.53	210.06	211.58
	216.54	216.92	219.97	221.88	222.64	223.02
	41.19	36.10	36.04	31.27	30.69	30.29	30.45	29.83	29.08	29.07
	29.24	29.25	29.78	29.55	29.67	29.93	30.00	29.72	29.68	29.86
	29.89	29.55	29.44	29.38	27.87	26.63	25.01	24.87	23.28	22.73
	20.61	20.30	20.58	20.60	20.70	20.84	21.08	21.29	21.49	21.59
	22.73	23.17	25.26	27.81	27.88	28.77	28.91	29.56	29.95	30.37
	30.29	30.06	30.06	30.34	30.27	30.27	31.03	31.05	30.57	30.19
	30.48	31.22	32.18	34.01	33.99	43.28
1	YH	101	YH222
66	1.35	94.31
28.46	0.00	0.00	0.00	0.00
	0.00	5.35	7.13	12.47	14.25	14.61	23.88	24.23	26.37	30.75
	31.04	34.10	34.35	34.67	56.66	56.77	57.12	57.23	62.75	62.83
	63.08	63.50	63.79	65.32	66.60	69.63	71.16	71.41	72.48	73.77
	76.33	82.57	83.99	88.48	92.15	97.46	103.70	108.33	115.82	121.87
	126.51	126.86	128.29	130.43	130.78	131.50	138.27	147.18	162.50	162.86
	163.93	163.93	164.28	164.28	177.11	189.94	191.01	194.93	196.35	197.78
	202.41	202.77	205.62	207.40	208.11	208.47
	41.13	36.04	35.98	31.21	30.63	30.23	30.39	29.77	29.02	29.01
	29.18	29.19	29.72	29.49	29.61	29.87	29.94	29.66	29.62	29.80
	29.83	29.49	29.38	29.32	27.81	26.57	24.95	24.81	23.22	22.67
	20.55	20.24	20.52	20.54	20.64	20.78	21.02	21.23	21.43	21.53
	22.67	23.11	25.20	27.75	27.82	28.71	28.85	29.50	29.89	30.31
	30.23	30.00	30.00	30.28	30.21	30.21	30.97	30.99	30.51	30.13
	30.42	31.16	32.12	33.95	33.93	43.22
1	YH	102	YH223
66	2.06	96.37
28.41	0.00	0.00	0.00	0.00
	0.00	6.51	8.68	15.19	17.36	17.79	29.07	29.51	32.11	37.45
	37.80	41.53	41.83	42.22	69.00	69.13	69.56	69.69	76.42	76.50
	76.81	77.33	77.67	79.54	81.10	84.79	86.66	86.96	88.26	89.82
	92.95	100.54	102.28	107.75	112.21	118.68	126.27	131.92	141.03	148.40
	154.05	154.48	156.22	158.82	159.25	160.12	168.37	179.21	197.87	198.31
	199.61	199.61	200.04	200.04	215.66	231.29	232.59	237.36	239.10	240.83
	246.47	246.91	250.38	252.55	253.42	253.85
	41.08	35.99	35.93	31.16	30.58	30.18	30.34	29.72	28.97	28.96
	29.13	29.14	29.67	29.44	29.56	29.82	29.89	29.61	29.57	29.75
	29.78	29.44	29.33	29.27	27.76	26.52	24.90	24.76	23.17	22.62
	20.50	20.19	20.47	20.49	20.59	20.73	20.97	21.18	21.38	21.48
	22.62	23.06	25.15	27.70	27.77	28.66	28.80	29.45	29.84	30.26
	30.18	29.95	29.95	30.23	30.16	30.16	30.92	30.94	30.46	30.08
	30.37	31.11	32.07	33.90	33.88	43.17
1	YH	103	YH224
66	1.61	97.98
28.35	0.00	0.00	0.00	0.00
	0.00	4.77	6.35	11.12	12.71	13.03	21.29	21.61	23.51	27.42
	27.67	30.41	30.63	30.91	50.52	50.61	50.93	51.03	55.95	56.02
	56.24	56.62	56.87	58.24	59.38	62.08	63.45	63.67	64.63	65.77
	68.06	73.62	74.89	78.89	82.16	86.90	92.46	96.59	103.26	108.66
	112.79	113.11	114.38	116.29	116.61	117.24	123.28	131.22	144.88	145.20
	146.15	146.15	146.47	146.47	157.91	169.35	170.30	173.80	175.07	176.34
	180.47	180.79	183.33	184.92	185.55	185.87
	41.02	35.93	35.87	31.10	30.52	30.12	30.28	29.66	28.91	28.90
	29.07	29.08	29.61	29.38	29.50	29.76	29.83	29.55	29.51	29.69
	29.72	29.38	29.27	29.21	27.70	26.46	24.84	24.70	23.11	22.56
	20.44	20.13	20.41	20.43	20.53	20.67	20.91	21.12	21.32	21.42
	22.56	23.00	25.09	27.64	27.71	28.60	28.74	29.39	29.78	30.20
	30.12	29.89	29.89	30.17	30.10	30.10	30.86	30.88	30.40	30.02
	30.31	31.05	32.01	33.84	33.82	43.11
1	YH	104	YH225
66	1.31	99.29
28.29	0.00	0.00	0.00	0.00
	0.00	4.85	6.47	11.31	12.93	13.25	21.66	21.98	23.92	27.90
	28.16	30.94	31.16	31.46	51.40	51.50	51.82	51.92	56.93	56.99
	57.22	57.61	57.87	59.26	60.42	63.17	64.56	64.79	65.76	66.92
	69.25	74.90	76.20	80.27	83.60	88.42	94.08	98.28	105.07	110.56
	114.77	115.09	116.38	118.32	118.64	119.29	125.43	133.52	147.42	147.74
	148.71	148.71	149.03	149.03	160.67	172.31	173.28	176.84	178.13	179.42
	183.62	183.95	186.53	188.15	188.80	189.12
	40.96	35.87	35.81	31.04	30.46	30.06	30.22	29.60	28.85	28.84
	29.01	29.02	29.55	29.32	29.44	29.70	29.77	29.49	29.45	29.63
	29.66	29.32	29.21	29.15	27.64	26.40	24.78	24.64	23.05	22.50
	20.38	20.07	20.35	20.37	20.47	20.61	20.85	21.06	21.26	21.36
	22.50	22.94	25.03	27.58	27.65	28.54	28.68	29.33	29.72	30.14
	30.06	29.83	29.83	30.11	30.04	30.04	30.80	30.82	30.34	29.96
	30.25	30.99	31.95	33.78	33.76	43.05
1	YH	105	YH226
66	1.53	100.81
28.23	0.00	0.00	0.00	0.00
	0.00	5.18	6.91	12.08	13.81	14.16	23.13	23.48	25.55	29.80
	30.07	33.04	33.28	33.59	54.90	55.00	55.35	55.45	60.80	60.87
	61.11	61.53	61.80	63.29	64.53	67.46	68.95	69.19	70.23	71.47
	73.96	80.00	81.38	85.73	89.29	94.43	100.47	104.96	112.21	118.08
	122.57	122.91	124.30	126.37	126.71	127.40	133.96	142.59	157.44	157.79
	158.82	158.82	159.17	159.17	171.60	184.03	185.06	188.86	190.24	191.62
	196.11	196.46	199.22	200.94	201.63	201.98
	40.90	35.81	35.75	30.98	30.40	30.00	30.16	29.54	28.79	28.78
	28.95	28.96	29.49	29.26	29.38	29.64	29.71	29.43	29.39	29.57
	29.60	29.26	29.15	29.09	27.58	26.34	24.72	24.58	22.99	22.44
	20.32	20.01	20.29	20.31	20.41	20.55	20.79	21.00	21.20	21.30
	22.44	22.88	24.97	27.52	27.59	28.48	28.62	29.27	29.66	30.08
	30.00	29.77	29.77	30.05	29.98	29.98	30.74	30.76	30.28	29.90
	30.19	30.93	31.89	33.72	33.70	42.99
1	YH	106	YH227
66	1.48	102.30
28.17	0.00	0.00	0.00	0.00
	0.00	5.70	7.59	13.29	15.19	15.57	25.44	25.82	28.10	32.77
	33.07	36.34	36.60	36.94	60.37	60.48	60.86	60.98	66.86	66.94
	67.21	67.66	67.96	69.60	70.96	74.19	75.82	76.09	77.23	78.60
	81.33	87.97	89.49	94.28	98.19	103.85	110.49	115.43	123.40	129.85
	134.79	135.17	136.69	138.97	139.35	140.11	147.32	156.81	173.14	173.52
	174.66	174.66	175.04	175.04	188.71	202.38	203.52	207.69	209.21	210.73
	215.67	216.04	219.08	220.98	221.74	222.12
	40.84	35.75	35.69	30.92	30.34	29.94	30.10	29.48	28.73	28.72
	28.89	28.90	29.43	29.20	29.32	29.58	29.65	29.37	29.33	29.51
	29.54	29.20	29.09	29.03	27.52	26.28	24.66	24.52	22.93	22.38
	20.26	19.95	20.23	20.25	20.35	20.49	20.73	20.94	21.14	21.24
	22.38	22.82	24.91	27.46	27.53	28.42	28.56	29.21	29.60	30.02
	29.94	29.71	29.71	29.99	29.92	29.92	30.68	30.70	30.22	29.84
	30.13	30.87	31.83	33.66	33.64	42.93
1	YH	107	YH228
66	2.41	104.70
28.11	0.00	0.00	0.00	0.00
	0.00	5.54	7.39	12.93	14.78	15.15	24.76	25.13	27.34	31.89
	32.18	35.36	35.62	35.95	58.75	58.86	59.23	59.34	65.07	65.14
	65.40	65.84	66.14	67.73	69.06	72.20	73.79	74.05	75.15	76.48
	79.14	85.61	87.09	91.74	95.55	101.05	107.52	112.32	120.08	126.36
	131.17	131.54	133.02	135.23	135.60	136.34	143.36	152.60	168.49	168.86
	169.96	169.96	170.33	170.33	183.64	196.94	198.05	202.11	203.59	205.07
	209.87	210.24	213.19	215.04	215.78	216.15
	40.78	35.69	35.63	30.86	30.28	29.88	30.04	29.42	28.67	28.66
	28.83	28.84	29.37	29.14	29.26	29.52	29.59	29.31	29.27	29.45
	29.48	29.14	29.03	28.97	27.46	26.22	24.60	24.46	22.87	22.32
	20.20	19.89	20.17	20.19	20.29	20.43	20.67	20.88	21.08	21.18
	22.32	22.76	24.85	27.40	27.47	28.36	28.50	29.15	29.54	29.96
	29.88	29.65	29.65	29.93	29.86	29.86	30.62	30.64	30.16	29.78
	30.07	30.81	31.77	33.60	33.58	42.87
