1    21    fuhe
1    fuhe_3   21
1    CS     1         lsqsk
39    0.00 	0.00 
39.60	600	.00	.0	0
	0	14.7	24	27.2	34	38.3	44.7	63	82.4	107.1	
	134.7	159.2	181.1	189.1	194.6	204.5	223.6	262.1	277.4	301.9	
	318.4	327.5	358.5	374.1	382	398.2	412.2	413.3	438.4	464.5	
	476.4	477.5	480.8	517.9	544.3	557.3	569.3	577.3	592.3
	51.57	41.57	45.5	45.42	42.13	41.9	40.99	41.94	42.11	41.09	
	40.95	40.44	40.38	36.95	36.63	35.42	36.19	35.96	35.58	34.69	
	34.52	35.13	35.62	35.33	36.48	35.45	36.27	36.95	36.96	37.03	
	39.42	39.42	39.1	38.47	39.52	44.72	44.74	40.84	50.84
1    CS     2         y-1
33    2.00 	2.00 
39.11	600	.00	.0	0
	0.00 	10.00 	20.00 	30.00 	40.00 	50.00 	60.00 	70.00 	80.00 	90.00 	
	100.00 	110.00 	120.00 	130.00 	140.00 	150.00 	160.00 	170.00 	180.00 	190.00 	
	200.00 	210.00 	220.00 	230.00 	240.00 	250.00 	260.00 	270.00 	280.00 	290.00 	
	300.00 	310.00 	320.00 
	54.08 	40.93 	38.72 	38.64 	36.15 	36.77 	37.57 	38.42 	37.63 	38.04 	
	38.08 	37.77 	38.67 	38.00 	38.40 	38.14 	37.85 	37.90 	37.94 	37.89 	
	38.06 	38.23 	38.47 	38.26 	38.11 	37.70 	37.51 	37.52 	37.61 	37.80 	
	38.66 	40.93 	54.08
1    CS     3         y-2
25    2.18 	4.19 
37.80	600	.00	.0	0
	0.00 	10.00 	20.00 	30.00 	40.00 	50.00 	60.00 	70.00 	80.00 	90.00 	
	100.00 	110.00 	120.00 	130.00 	140.00 	150.00 	160.00 	170.00 	180.00 	190.00 	
	200.00 	210.00 	220.00 	230.00 	240.00 
	52.28 	38.52 	36.44 	36.88 	35.42 	36.27 	36.06 	36.36 	36.29 	36.84 	
	36.69 	36.43 	36.23 	36.21 	36.26 	36.38 	36.74 	36.53 	36.42 	36.11 	
	35.98 	36.09 	36.78 	38.52 	52.28
1    CS     4         y-3
23    2.05 	6.24 
36.37	600	.00	.0	0
	0.00 	10.00 	20.00 	30.00 	40.00 	50.00 	60.00 	70.00 	80.00 	90.00 	
	100.00 	110.00 	120.00 	130.00 	140.00 	150.00 	160.00 	170.00 	180.00 	190.00 	
	200.00 	210.00 	220.00 
	50.77 	36.79 	34.97 	33.67 	34.53 	35.16 	34.57 	34.93 	34.84 	34.88 	
	34.96 	34.78 	34.77 	34.81 	35.10 	35.19 	35.07 	34.68 	34.58 	34.62 	
	35.27 	36.79 	50.77
1    CS     5         y-4
47    3.23	9.47 
34.43	600	.00	.0	0
	0.00 	10.00 	20.00 	30.00 	40.00 	50.00 	60.00 	70.00 	80.00 	90.00 	
	100.00 	110.00 	120.00 	130.00 	140.00 	150.00 	160.00 	170.00 	180.00 	190.00 	
	200.00 	210.00 	220.00 	230.00 	240.00 	250.00 	260.00 	270.00 	280.00 	290.00 	
	300.00 	310.00 	320.00 	330.00 	340.00 	350.00 	360.00 	370.00 	380.00 	390.00 	
	400.00 	410.00 	420.00 	430.00 	440.00 	450.00 	460.00 
	49.86 	37.82 	34.56 	33.73 	34.46 	34.59 	31.35 	31.72 	32.89 	33.40 	
	34.15 	32.99 	32.84 	33.58 	33.65 	33.43 	33.19 	34.51 	34.26 	34.22 	
	34.12 	33.71 	33.39 	33.31 	33.34 	33.27 	33.43 	33.38 	33.39 	33.61 	
	33.87 	34.31 	34.22 	33.91 	33.95 	33.70 	33.08 	33.08 	32.81 	32.83 	
	32.77 	33.05 	33.24 	34.41 	34.95 	37.82 	49.86
1    CS     6         ljc
54    2.12	11.59 
34.63	600	.00	.0	0
	0.00 	0.70 	4.90 	9.20 	15.50 	18.90 	20.20 	23.80 	44.50 	65.30 
	70.80 	72.10 	74.80 	80.70 	87.10 	93.20 	102.60 	109.10 	115.00 	124.70 	
	130.50 	140.70 	155.30 	168.40 	182.70 	194.60 	209.90 	225.20 	241.10 	250.40 	
	271.50 	274.50 	287.20 	291.10 	298.30 	310.20 	334.80 	357.20 	365.30 	380.50 	
	383.00 	387.10 	389.70 	394.00 	395.70 	410.80 	431.70 	455.70 	470.20 	479.10 	
	486.40 	492.80 	499.60 	506.70 
	46.73 	38.02 	40.47 	40.51 	37.74 	36.31 	35.66 	35.21 	35.16 	35.30 	
	32.85 	32.31 	31.66 	32.01 	31.93 	31.85 	31.86 	31.65 	30.87 	31.71 	
	31.61 	32.10 	31.88 	31.98 	31.55 	31.46 	31.20 	31.16 	31.50 	31.38 	
	31.70 	31.60 	31.92 	31.95 	32.28 	32.66 	32.66 	32.66 	32.84 	32.72 	
	32.87 	35.66 	36.58 	36.54 	36.04 	35.96 	35.96 	35.84 	35.84 	38.76 	
	41.09 	41.31 	41.10 	48.11
1    CS     7         lshrd
52    3.10	14.69 
31.37	600	.00	.0	0
	0.00 	10.00 	20.00 	30.00 	40.00 	50.00 	60.00 	70.00 	80.00 	90.00 	
	100.00 	110.00 	120.00 	130.00 	140.00 	150.00 	160.00 	170.00 	180.00 	190.00 	
	200.00 	210.00 	220.00 	230.00 	240.00 	250.00 	260.00 	270.00 	280.00 	290.00 	
	300.00 	310.00 	320.00 	330.00 	340.00 	350.00 	360.00 	370.00 	380.00 	390.00 	
	400.00 	410.00 	420.00 	430.00 	440.00 	450.00 	460.00 	470.00 	480.00 	490.00 	
	500.00 	510.00 
	46.96 	35.31 	31.69 	31.72 	31.59 	31.72 	27.54 	28.13 	29.68 	29.84 	
	30.41 	31.24 	31.97 	29.79 	30.60 	30.73 	30.68 	30.17 	30.45 	31.64 	
	31.36 	30.54 	31.20 	30.75 	30.78 	30.39 	30.34 	30.38 	30.26 	30.44 	
	30.36 	30.39 	30.64 	31.10 	30.93 	31.31 	30.91 	30.97 	31.02 	30.01 	
	30.05 	30.05 	29.75 	29.81 	29.70 	29.91 	30.01 	30.22 	31.62 	32.13 	
	35.31 	46.96
1    CS     8         m-13
63    2.42	17.11  
30.81	400	.00	.0	0
	0.00 	10.00 	20.00 	30.00 	40.00 	50.00 	60.00 	70.00 	80.00 	90.00 	
	100.00 	110.00 	120.00 	130.00 	140.00 	150.00 	160.00 	170.00 	180.00 	190.00 	
	200.00 	210.00 	220.00 	230.00 	240.00 	250.00 	260.00 	270.00 	280.00 	290.00 	
	300.00 	310.00 	320.00 	330.00 	340.00 	350.00 	360.00 	370.00 	380.00 	390.00 	
	400.00 	410.00 	420.00 	430.00 	440.00 	450.00 	460.00 	470.00 	480.00 	490.00 	
	500.00 	510.00 	520.00 	530.00 	540.00 	550.00 	560.00 	570.00 	580.00 	590.00 	
	600.00 	610.00 	620.00 
	60 	35.59 	31.09 	31.13 	29.95 	30.96 	31.13 	25.93 	26.67 	27.17 	
	28.59 	28.79 	29.50 	30.52 	31.43 	28.92 	28.72 	29.74 	29.90 	29.83 	
	29.53 	29.20 	29.55 	31.03 	30.67 	29.66 	30.62 	30.48 	29.92 	29.96 	
	29.48 	29.36 	29.40 	29.46 	29.31 	29.54 	29.46 	29.43 	29.48 	29.78 	
	30.35 	30.14 	30.74 	30.61 	30.12 	30.19 	30.25 	29.90 	29.00 	29.05 	
	29.04 	28.67 	28.75 	28.70 	28.62 	28.87 	29.00 	29.26 	30.87 	31.00 	
	31.63 	35.59 	60
1    CS     9         m-14
45    2.27	19.38  
30.65	400	.00	.0	0
	0.00 	10.00 	20.00 	30.00 	40.00 	50.00 	60.00 	70.00 	80.00 	90.00 	
	100.00 	110.00 	120.00 	130.00 	140.00 	150.00 	160.00 	170.00 	180.00 	190.00 	
	200.00 	210.00 	220.00 	230.00 	240.00 	250.00 	260.00 	270.00 	280.00 	290.00 	
	300.00 	310.00 	320.00 	330.00 	340.00 	350.00 	360.00 	370.00 	380.00 	390.00 	
	400.00 	410.00 	420.00 	430.00 	440.00 
	60 	33.22 	30.13 	29.34 	30.04 	26.58 	27.09 	28.41 	28.55 	29.03 	
	30.36 	28.64 	29.20 	29.31 	29.05 	28.83 	29.07 	29.84 	29.14 	29.71 	
	29.32 	29.02 	28.94 	28.97 	28.91 	29.06 	28.99 	29.02 	29.62 	29.48 	
	29.89 	29.46 	29.51 	29.31 	28.69 	28.72 	28.47 	28.52 	28.43 	28.60 	
	28.87 	29.98 	30.50 	33.22 	60
1    CS     10         m-15
67    1.93	21.31  
28.99	400	.00	.0	0
	0.00 	10.00 	20.00 	30.00 	40.00 	50.00 	60.00 	70.00 	80.00 	90.00 	
	100.00 	110.00 	120.00 	130.00 	140.00 	150.00 	160.00 	170.00 	180.00 	190.00 	
	200.00 	210.00 	220.00 	230.00 	240.00 	250.00 	260.00 	270.00 	280.00 	290.00 	
	300.00 	310.00 	320.00 	330.00 	340.00 	350.00 	360.00 	370.00 	380.00 	390.00 	
	400.00 	410.00 	420.00 	430.00 	440.00 	450.00 	460.00 	470.00 	480.00 	490.00 	
	500.00 	510.00 	520.00 	530.00 	540.00 	550.00 	560.00 	570.00 	580.00 	590.00 	
	600.00 	610.00 	620.00 	630.00 	640.00 	650.00 	660.00 
	60 	34.15 	29.39 	29.43 	28.19 	29.25 	29.43 	23.94 	24.72 	25.25 	
	25.25 	26.75 	26.97 	27.71 	28.80 	29.75 	27.10 	26.89 	27.97 	28.14 	
	28.06 	27.74 	27.40 	27.76 	29.33 	28.96 	28.96 	27.88 	28.90 	28.75 	
	28.16 	28.20 	27.69 	27.57 	27.61 	27.67 	27.52 	27.75 	27.67 	27.65 	
	27.69 	28.01 	28.01 	28.61 	28.39 	29.03 	28.89 	28.37 	28.44 	28.51 	
	28.14 	27.19 	27.24 	27.23 	26.84 	26.92 	26.87 	26.78 	26.78 	27.05 	
	27.19 	27.47 	29.17 	29.30 	29.97 	34.15 	60
1    CS     11         m-16
58    3.31	24.62  
28.57	400	.00	.0	0
	0.00 	10.00 	20.00 	30.00 	40.00 	50.00 	60.00 	70.00 	80.00 	90.00 	
	100.00 	110.00 	120.00 	130.00 	140.00 	150.00 	160.00 	170.00 	180.00 	190.00 
	200.00 	210.00 	220.00 	230.00 	240.00 	250.00 	260.00 	270.00 	280.00  290.00 	
	300.00 	310.00 	320.00 	330.00 	340.00 	350.00 	360.00 	370.00  380.00 	390.00 	
	400.00 	410.00 	420.00 	430.00 	440.00 	450.00 	460.00 	470.00 	480.00 	490.00 	
	500.00 	510.00 	520.00 	530.00 	540.00 	550.00 	560.00 	570.00 
	60 	32.57 	28.49 	28.52 	27.45 	28.37 	28.52 	24.48 	24.93 	26.22 	
	26.40 	27.04 	27.97 	28.80 	26.52 	26.34 	27.26 	27.41 	27.07 	26.78 	
	27.09 	28.43 	28.11 	27.19 	28.07 	27.94 	27.43 	27.46 	27.03 	26.96 	
	27.01 	26.88 	27.08 	27.01 	26.99 	27.03 	27.30 	27.82 	27.63 	28.18 	
	27.61 	27.67 	27.73 	27.41 	26.60 	26.64 	26.63 	26.30 	26.37 	26.32 	
	26.25 	26.60 	26.83 	28.29 	28.40 	28.98 	32.57 	60
1    CS     12         m-17
73    2.28	26.89  
26.98	400	.00	.0	0
	0.00 	10.00 	20.00 	30.00 	40.00 	50.00 	60.00 	70.00 	80.00 	90.00 	
	100.00 	110.00 	120.00 	130.00 	140.00 	150.00 	160.00 	170.00 	180.00 	190.00 	
	200.00 	210.00 	220.00 	230.00 	240.00 	250.00 	260.00 	270.00 	280.00 	290.00 	
	300.00 	310.00 	320.00 	330.00 	340.00 	350.00 	360.00 	370.00 	380.00 	390.00 	
	400.00 	410.00 	420.00 	430.00 	440.00 	450.00 	460.00 	470.00 	480.00 	490.00 	
	500.00 	510.00 	520.00 	530.00 	540.00 	550.00 	560.00 	570.00 	580.00 	590.00 	
	600.00 	610.00 	620.00 	630.00 	640.00 	650.00 	660.00 	670.00 	680.00 	690.00 	
	700.00 	710.00 	713.21 
	60 	27.72 	27.77 	26.37 	26.37 	27.57 	27.77 	21.61 	22.48 	23.08 	
	23.08 	24.76 	25.00 	25.84 	27.05 	28.13 	28.13 	25.16 	24.92 	26.12 	
	26.31 	26.23 	26.23 	25.87 	25.49 	25.90 	27.65 	27.23 	27.23 	26.03 	
	27.17 	27.00 	26.34 	26.38 	26.38 	25.81 	25.68 	25.73 	25.79 	25.62 	
	25.62 	25.88 	25.79 	25.76 	25.81 	26.17 	26.17 	26.85 	26.60 	27.32 	
	27.16 	26.58 	26.58 	26.66 	26.73 	26.31 	25.25 	25.31 	25.31 	25.30 	
	24.86 	24.95 	24.89 	24.80 	24.80 	25.10 	25.25 	25.56 	27.47 	27.61 	
	27.61 	28.36 	60
1    CS     13         m-18
83    2.28	29.18  
25.84	400	.00	.0	0
	0.00 	10.00 	20.00 	30.00 	40.00 	50.00 	60.00 	70.00 	80.00 	90.00 	
	100.00 	110.00 	120.00 	130.00 	140.00 	150.00 	160.00 	170.00 	180.00 	190.00 	
	200.00 	210.00 	220.00 	230.00 	240.00 	250.00 	260.00 	270.00 	280.00 	290.00 	
	300.00 	310.00 	320.00 	330.00 	340.00 	350.00 	360.00 	370.00 	380.00 	390.00 	
	400.00 	410.00 	420.00 	430.00 	440.00 	450.00 	460.00 	470.00 	480.00 	490.00 	
	500.00 	510.00 	520.00 	530.00 	540.00 	550.00 	560.00 	570.00 	580.00 	590.00 	
	600.00 	610.00 	620.00 	630.00 	640.00 	650.00 	660.00 	670.00 	680.00 	690.00 	
	700.00 	710.00 	720.00 	730.00 	740.00 	750.00 	760.00 	770.00 	780.00 	790.00 	
	800.00 	810.00 	813.88 
	60 	26.92 	26.92 	26.97 	25.38 	26.74 	26.74 	26.97 	19.95 	20.94 	
	20.94 	21.62 	23.54 	23.81 	23.81 	24.77 	26.16 	26.16 	27.38 	23.99 	
	23.72 	23.72 	25.09 	25.31 	25.22 	25.22 	24.81 	24.37 	24.37 	24.84 	
	26.84 	26.36 	26.36 	24.99 	26.29 	26.10 	26.10 	25.34 	25.39 	24.74 	
	24.74 	24.59 	24.65 	24.65 	24.71 	24.52 	24.82 	24.82 	24.71 	24.69 	
	24.74 	24.74 	25.15 	25.93 	25.64 	25.64 	26.46 	26.28 	26.28 	25.61 	
	25.71 	25.79 	25.79 	25.31 	24.10 	24.17 	24.17 	24.16 	23.65 	23.65 	
	23.76 	23.69 	23.58 	23.58 	23.92 	24.10 	24.45 	24.45 	26.63 	26.80 	
	27.65 	27.65 	60
1    CS     14         m-19
44    2.19	31.37  
26.67	400	.00	.0	0
	0.00 	10.00 	20.00 	30.00 	40.00 	50.00 	60.00 	70.00 	80.00 	90.00 	
	100.00 	110.00 	120.00 	130.00 	140.00 	150.00 	160.00 	170.00 	180.00 	190.00 	
	200.00 	210.00 	220.00 	230.00 	240.00 	250.00 	260.00 	270.00 	280.00 	290.00 	
	300.00 	310.00 	320.00 	330.00 	340.00 	350.00 	360.00 	370.00 	380.00 	390.00 	
	400.00 	410.00 	420.00 	430.00 
	60 	28.87 	25.84 	25.07 	25.75 	22.37 	22.86 	24.16 	24.29 	25.46 	
	26.07 	24.25 	24.93 	24.99 	24.79 	24.57 	25.80 	25.56 	25.53 	25.43 	
	25.08 	24.76 	24.71 	24.74 	24.80 	24.74 	24.76 	24.96 	25.20 	25.61 	
	25.52 	25.24 	25.28 	24.44 	24.47 	24.21 	24.27 	24.18 	24.35 	24.61 	
	25.70 	26.21 	28.87 	60
1    CS     15         m-20
70    2.41	33.78  
24.56	400	.00	.0	0
	0.00 	10.00 	20.00 	30.00 	40.00 	50.00 	60.00 	70.00 	80.00 	90.00 	
	100.00 	110.00 	120.00 	130.00 	140.00 	150.00 	160.00 	170.00 	180.00 	190.00 	
	200.00 	210.00 	220.00 	230.00 	240.00 	250.00 	260.00 	270.00 	280.00 	290.00 	
	300.00 	310.00 	320.00 	330.00 	340.00 	350.00 	360.00 	370.00 	380.00 	390.00 	
	400.00 	410.00 	420.00 	430.00 	440.00 	450.00 	460.00 	470.00 	480.00 	490.00 	
	500.00 	510.00 	520.00 	530.00 	540.00 	550.00 	560.00 	570.00 	580.00 	590.00 	
	600.00 	610.00 	620.00 	630.00 	640.00 	650.00 	660.00 	670.00 	680.00 	692.42 
	60 	25.14 	25.19 	23.83 	23.83 	24.99 	25.19 	19.21 	20.06 	20.63 	
	22.27 	22.50 	22.50 	23.31 	24.49 	25.53 	22.65 	22.42 	23.59 	23.77 	
	23.77 	23.69 	23.34 	22.97 	23.37 	25.07 	24.67 	24.67 	23.50 	24.61 	
	24.45 	23.80 	23.84 	23.29 	23.16 	23.16 	23.21 	23.26 	23.10 	23.36 	
	23.26 	23.24 	23.29 	23.29 	23.63 	24.29 	24.05 	24.75 	24.60 	24.03 	
	24.03 	24.11 	24.18 	23.77 	22.74 	22.80 	22.79 	22.36 	22.36 	22.45 	
	22.40 	22.30 	22.59 	22.74 	23.04 	24.90 	24.90 	25.04 	25.77 	60
1    CS     16         m-21
70    2.35	36.13  
23.73	400	.00	.0	0
	0.00 	10.00 	20.00 	30.00 	40.00 	50.00 	60.00 	70.00 	80.00 	90.00 	
	100.00 	110.00 	120.00 	130.00 	140.00 	150.00 	160.00 	170.00 	180.00 	190.00 	
	200.00 	210.00 	220.00 	230.00 	240.00 	250.00 	260.00 	270.00 	280.00 	290.00 	
	300.00 	310.00 	320.00 	330.00 	340.00 	350.00 	360.00 	370.00 	380.00 	390.00 	
	400.00 	410.00 	420.00 	430.00 	440.00 	450.00 	460.00 	470.00 	480.00 	490.00 	
	500.00 	510.00 	520.00 	530.00 	540.00 	550.00 	560.00 	570.00 	580.00 	590.00 	
	600.00 	610.00 	620.00 	630.00 	640.00 	650.00 	660.00 	670.00 	680.00 	690.59 
	60 	24.28 	24.33 	22.98 	22.98 	24.13 	24.33 	18.37 	19.21 	19.79 	
	21.42 	21.65 	21.65 	22.46 	23.64 	24.68 	21.80 	21.57 	22.73 	22.92 	
	22.92 	22.84 	22.49 	22.12 	22.52 	24.21 	23.81 	23.81 	22.64 	23.75 	
	23.59 	22.94 	22.99 	22.43 	22.31 	22.31 	22.35 	22.41 	22.25 	22.50 	
	22.41 	22.39 	22.43 	22.43 	22.78 	23.44 	23.20 	23.89 	23.74 	23.17 	
	23.17 	23.25 	23.32 	22.92 	21.89 	21.95 	21.94 	21.51 	21.51 	21.60 	
	21.54 	21.45 	21.74 	21.89 	22.19 	24.04 	24.04 	24.18 	24.91 	60
1    CS     17         m-22
89    2.19	38.32  
22.37	400	.00	.0	0
	0.00 	10.00 	20.00 	30.00 	40.00 	50.00 	60.00 	70.00 	80.00 	90.00 	
	100.00 	110.00 	120.00 	130.00 	140.00 	150.00 	160.00 	170.00 	180.00 	190.00 	
	200.00 	210.00 	220.00 	230.00 	240.00 	250.00 	260.00 	270.00 	280.00 	290.00 	
	300.00 	310.00 	320.00 	330.00 	340.00 	350.00 	360.00 	370.00 	380.00 	390.00 	
	400.00 	410.00 	420.00 	430.00 	440.00 	450.00 	460.00 	470.00 	480.00 	490.00 	
	500.00 	510.00 	520.00 	530.00 	540.00 	550.00 	560.00 	570.00 	580.00 	590.00 	
	600.00 	610.00 	620.00 	630.00 	640.00 	650.00 	660.00 	670.00 	680.00 	690.00 	
	700.00 	710.00 	720.00 	730.00 	740.00 	750.00 	760.00 	770.00 	780.00 	790.00 	
	800.00 	810.00 	820.00 	830.00 	840.00 	850.00 	860.00 	870.00 	878.31 
	60 	23.53 	23.53 	23.59 	21.87 	21.87 	23.34 	23.59 	23.59 	16.01 	
	17.08 	17.81 	17.81 	19.88 	20.18 	20.18 	21.21 	22.71 	22.71 	24.03 	
	20.37 	20.37 	20.08 	21.56 	21.56 	21.79 	21.69 	21.69 	21.25 	20.78 	
	20.78 	21.28 	23.44 	22.93 	22.93 	21.44 	22.85 	22.85 	22.65 	21.82 	
	21.82 	21.88 	21.18 	21.18 	21.02 	21.07 	21.07 	21.15 	20.94 	20.94 	
	21.27 	21.15 	21.15 	21.12 	21.18 	21.62 	21.62 	22.46 	22.15 	22.15 	
	23.03 	22.84 	22.84 	22.12 	22.22 	22.22 	22.31 	21.79 	21.79 	20.49 	
	20.56 	20.56 	20.55 	20.00 	20.00 	20.12 	20.05 	19.93 	19.93 	20.30 	
	20.49 	20.49 	20.87 	23.22 	23.22 	23.40 	24.32 	24.32 	60
1    CS     18         m-23
66    2.69	41.01  
22.37	400	.00	.0	0
	0.00 	10.00 	20.00 	30.00 	40.00 	50.00 	60.00 	70.00 	80.00 	90.00 	
	100.00 	110.00 	120.00 	130.00 	140.00 	150.00 	160.00 	170.00 	180.00 	190.00 	
	200.00 	210.00 	220.00 	230.00 	240.00 	250.00 	260.00 	270.00 	280.00 	290.00 	
	300.00 	310.00 	320.00 	330.00 	340.00 	350.00 	360.00 	370.00 	380.00 	390.00 	
	400.00 	410.00 	420.00 	430.00 	440.00 	450.00 	460.00 	470.00 	480.00 	490.00 	
	500.00 	510.00 	520.00 	530.00 	540.00 	550.00 	560.00 	570.00 	580.00 	590.00 	
	600.00 	610.00 	620.00 	630.00 	640.00 	650.00 
	60 	27.28 	22.54 	22.58 	21.34 	22.40 	22.58 	17.11 	17.89 	18.42 	
	19.91 	20.12 	20.12 	20.86 	21.95 	22.90 	20.26 	20.05 	21.12 	21.29 	
	21.21 	20.90 	20.56 	20.92 	22.48 	22.10 	21.03 	22.05 	21.90 	21.31 	
	21.35 	20.84 	20.73 	20.73 	20.77 	20.82 	20.67 	20.91 	20.82 	20.80 	
	20.84 	21.16 	21.77 	21.54 	22.18 	22.04 	21.52 	21.60 	21.66 	21.29 	
	20.34 	20.40 	20.39 	19.99 	19.99 	20.08 	20.03 	19.94 	20.21 	20.34 	
	20.62 	22.32 	22.44 	23.11 	27.28 	60
1    CS     19         m-24
54    2.43	43.44  
22.04	400	.00	.0	0
	0.00 	10.00 	20.00 	30.00 	40.00 	50.00 	60.00 	70.00 	80.00 	90.00 	
	100.00 	110.00 	120.00 	130.00 	140.00 	150.00 	160.00 	170.00 	180.00 	190.00 	
	200.00 	210.00 	220.00 	230.00 	240.00 	250.00 	260.00 	270.00 	280.00 	290.00 	
	300.00 	310.00 	320.00 	330.00 	340.00 	350.00 	360.00 	370.00 	380.00 	390.00 	
	400.00 	410.00 	420.00 	430.00 	440.00 	450.00 	460.00 	470.00 	480.00 	490.00 	
	500.00 	510.00 	520.00 	530.00 
	60 	25.45 	21.62 	21.65 	21.51 	21.65 	17.22 	17.85 	18.28 	19.49 	
	20.26 	21.14 	21.91 	19.77 	19.60 	20.47 	20.54 	20.29 	20.01 	20.30 	
	21.57 	20.40 	21.22 	21.10 	20.62 	20.66 	20.24 	20.18 	20.23 	20.11 	
	20.30 	20.23 	20.21 	20.50 	20.99 	20.81 	21.33 	21.21 	20.85 	20.90 	
	20.60 	19.84 	19.88 	19.88 	19.63 	19.58 	19.51 	19.73 	19.84 	20.06 	
	21.54 	22.08 	25.45 	60
1    CS     20         m-25
53    2.97	46.41  
21.29	400	.00	.0	0
	0.00 	10.00 	20.00 	30.00 	40.00 	50.00 	60.00 	70.00 	80.00 	90.00 	
	100.00 	110.00 	120.00 	130.00 	140.00 	150.00 	160.00 	170.00 	180.00 	190.00 	
	200.00 	210.00 	220.00 	230.00 	240.00 	250.00 	260.00 	270.00 	280.00 	290.00 	
	300.00 	310.00 	320.00 	330.00 	340.00 	350.00 	360.00 	370.00 	380.00 	390.00 	
	400.00 	410.00 	420.00 	430.00 	440.00 	450.00 	460.00 	470.00 	480.00 	490.00 	
	500.00 	510.00 	520.00 
	60 	24.48 	20.75 	20.79 	20.64 	20.79 	16.48 	17.09 	17.51 	18.85 	
	19.44 	20.29 	21.04 	18.96 	19.64 	19.77 	19.71 	19.46 	19.19 	20.70 	
	20.41 	19.57 	20.37 	20.25 	19.82 	19.42 	19.33 	19.36 	19.40 	19.47 	
	19.40 	19.39 	19.42 	19.67 	19.97 	20.47 	20.36 	19.95 	20.01 	19.77 	
	19.03 	19.07 	19.06 	18.75 	18.78 	18.71 	18.92 	19.03 	19.24 	20.68 	
	21.20 	24.48 	60
1    CS     21         lijiadu
67    2.48	48.89 
19.85	400	.00	.0	0
	0.00 	10.00 	20.00 	30.00 	40.00 	50.00 	60.00 	70.00 	80.00 	90.00 	
	100.00 	110.00 	120.00 	130.00 	140.00 	150.00 	160.00 	170.00 	180.00 	190.00 	
	200.00 	210.00 	220.00 	230.00 	240.00 	250.00 	260.00 	270.00 	280.00 	290.00 	
	300.00 	310.00 	320.00 	330.00 	340.00 	350.00 	360.00 	370.00 	380.00 	390.00 	
	400.00 	410.00 	420.00 	430.00 	440.00 	450.00 	460.00 	470.00 	480.00 	490.00 	
	500.00 	510.00 	520.00 	530.00 	540.00 	550.00 	560.00 	570.00 	580.00 	590.00 	
	600.00 	610.00 	620.00 	630.00 	640.00 	650.00 	660.00 
	60 	24.74 	19.97 	20.01 	18.77 	19.83 	20.01 	14.51 	15.29 	15.82 	
	15.82 	17.33 	17.54 	18.29 	19.37 	20.33 	17.68 	17.47 	18.54 	18.71 	
	18.64 	18.32 	17.98 	18.34 	19.91 	19.53 	19.53 	18.46 	19.48 	19.33 	
	18.73 	18.78 	18.27 	18.15 	18.19 	18.24 	18.10 	18.33 	18.24 	18.22 	
	18.27 	18.59 	18.59 	19.19 	18.97 	19.61 	19.47 	18.95 	19.02 	19.09 
	18.71 	17.76 	17.82 	17.81 	17.41 	17.50 	17.45 	17.36 	17.36 	17.63 	
	17.76 	18.04 	19.75 	19.88 	20.55 	24.74 	60
